20230207160710.1,0,-2.35e-07,-1.57e-07,19.835,14.197,14.152,21.92,9.9e+37,0
20230207160710.6,0.511996820569038,1.176e-06,-2.35e-07,19.856,14.191,14.154,21.939,9.9e+37,0.511996820569038
20230207160711.1,1.01200416684151,-1.57e-07,-1.57e-07,19.85,14.195,14.134,21.951,9.9e+37,1.01200416684151
20230207160711.6,1.51200145483017,1.57e-07,-4.7e-07,19.856,14.191,14.16,21.957,9.9e+37,1.51200145483017
20230207160712.1,2.01999507844448,1.019e-06,-3.92e-07,19.854,14.177,14.15,21.951,-164.493,2.01999507844448
20230207160712.6,2.52000242471695,2.35e-07,3.14e-07,19.854,14.175,14.164,21.943,9.9e+37,2.52000242471695
20230207160713.1,3.02400290966034,7.8e-08,-7.84e-07,19.858,14.175,14.156,21.965,-122.815,3.02400290966034
20230207160713.6,3.53199653327465,3.14e-07,-2.35e-07,19.864,14.187,14.162,21.971,-83.259,3.53199653327465
20230207160714.1,4.03900444507599,-6.27e-07,-5.49e-07,19.874,14.199,14.148,21.969,9.9e+37,4.03900444507599
20230207160714.6,4.53900173306465,-6.27e-07,7.8e-08,19.893,14.179,14.166,21.982,-131.255,4.53900173306465
20230207160715.1,5.04300221800804,1.019e-06,-7.84e-07,19.864,14.195,14.164,21.961,46.663,5.04300221800804
20230207160715.6,5.5429995059967,-1.881e-06,-4.7e-07,19.87,14.187,14.16,21.949,144.052,5.5429995059967
20230207160716.1,6.0359962284565,-1.097e-06,-7.84e-07,19.87,14.201,14.146,21.93,-44.104,6.0359962284565
20230207160716.6,6.53600357472897,7.84e-07,7.8e-08,19.864,14.207,14.166,21.933,9.9e+37,6.53600357472897
20230207160717.1,7.03600086271763,3.919e-06,-3.14e-07,19.87,14.179,14.162,21.941,294.299,7.03600086271763
20230207160717.6,7.54299871623516,-5.49e-07,-3.92e-07,19.86,14.166,14.156,21.92,846.969,7.54299871623516
20230207160718.1,8.04299600422382,-9.41e-07,7.8e-08,19.822,14.126,14.083,21.863,-57.236,8.04299600422382
20230207160718.6,8.53900015354156,7.05e-07,3.14e-07,19.814,14.14,14.105,21.865,9.9e+37,8.53900015354156
20230207160719.1,9.04300063848495,6.584e-06,1.019e-06,19.811,14.124,14.093,21.837,9.9e+37,9.04300063848495
20230207160719.6,9.54299792647362,2.587e-06,7.8e-08,19.832,14.116,14.106,21.839,9.9e+37,9.54299792647362
20230207160720.1,10.0510016083717,9.328e-06,-3.14e-07,19.836,14.136,14.108,21.839,9.9e+37,10.0510016083717
20230207160720.6,10.5509988963604,8.074e-06,1.097e-06,19.838,14.134,14.103,21.839,9.9e+37,10.5509988963604
20230207160721.1,11.0590025782585,8.62e-07,1.57e-07,19.848,14.128,14.075,21.825,1036.252,11.0590025782585
20230207160721.6,11.5669962018728,7.29e-06,7.8e-08,19.852,14.124,14.106,21.835,181.078,11.5669962018728
20230207160722.1,12.0790030807257,6.271e-06,3.92e-07,19.844,14.14,14.108,21.843,9.9e+37,12.0790030807257
20230207160722.6,12.5629976391792,8.544e-06,1.097e-06,19.836,14.138,14.095,21.821,9.9e+37,12.5629976391792
20230207160723.1,13.0710013210773,-4.86e-06,1.176e-06,19.83,14.13,14.099,21.82,9.9e+37,13.0710013210773
20230207160723.6,13.570998609066,3.135e-06,4.7e-07,19.846,14.106,14.108,21.8,58.461,13.570998609066
20230207160724.1,14.0709958970547,3.135e-06,-1.57e-07,19.84,14.124,14.097,21.792,415.203,14.0709958970547
20230207160724.6,14.5789995789528,2.743e-06,8.62e-07,19.852,14.136,14.097,21.767,686.882,14.5789995789528
20230207160725.2,15.0859974324703,1.411e-06,3.14e-07,19.852,14.134,14.105,21.78,-128.768,15.0859974324703
20230207160725.7,15.5899979174137,-5.49e-07,5.49e-07,19.863,14.148,14.093,21.771,9.9e+37,15.5899979174137
20230207160726.1,16.0790015012026,1.881e-06,3.14e-07,19.854,14.122,14.108,21.761,861.883,16.0790015012026
20230207160726.6,16.5789987891912,4.154e-06,3.14e-07,19.848,14.15,14.114,21.786,1156.678,16.5789987891912
20230207160727.2,17.0859966427088,1.803e-06,4.7e-07,19.852,14.138,14.087,21.775,9.9e+37,17.0859966427088
20230207160727.7,17.5860039889812,3.292e-06,5.49e-07,19.854,14.128,14.099,21.757,9.9e+37,17.5860039889812
20230207160728.2,18.0980008095503,-7.8e-08,3.92e-07,19.867,14.132,14.101,21.761,68.918,18.0980008095503
20230207160728.7,18.5900017619133,-6.27e-07,-4.7e-07,19.867,14.142,14.105,21.763,9.9e+37,18.5900017619133
20230207160729.2,19.089999049902,3.057e-06,1.019e-06,19.879,14.138,14.106,21.747,50.107,19.089999049902
20230207160729.7,19.5980027318001,-5.49e-07,-7.84e-07,19.846,14.14,14.116,21.73,9.9e+37,19.5980027318001
20230207160730.1,20.0819972902536,1.333e-06,-3.92e-07,19.865,14.151,14.114,21.73,408.503,20.0819972902536
20230207160730.6,20.5819945782423,6.741e-06,5.49e-07,19.891,14.134,14.11,21.728,9.9e+37,20.5819945782423
20230207160731.2,21.0940014570951,3.6449e-05,2.508e-06,19.875,14.136,14.105,21.751,9.9e+37,21.0940014570951
20230207160731.7,21.5939987450838,5.4947e-05,2.195e-06,19.869,14.138,14.118,21.749,9.9e+37,21.5939987450838
20230207160732.2,22.0939960330725,3.2059e-05,4.546e-06,19.875,14.148,14.106,21.773,182.794,22.0939960330725
20230207160732.7,22.6019997149706,-5.385e-05,4.781e-06,19.952,14.199,14.164,21.849,841.422,22.6019997149706
20230207160733.2,23.1019970029593,-6.271e-06,-8.62e-07,19.952,14.209,14.168,21.869,9.9e+37,23.1019970029593
20230207160733.7,23.6020043492317,7.05e-07,-1.254e-06,19.936,14.203,14.175,21.881,9.9e+37,23.6020043492317
20230207160734.2,24.109997972846,-1.57e-07,-7.84e-07,19.942,14.197,14.187,21.894,754.94,24.109997972846
20230207160734.7,24.6060021221638,-7.05e-07,9.41e-07,19.958,14.205,14.174,21.9,9.9e+37,24.6060021221638
20230207160735.2,25.1139957457781,1.176e-06,2.35e-07,19.97,14.185,14.187,21.924,9.9e+37,25.1139957457781
20230207160735.7,25.6140030920506,1.411e-06,0,19.96,14.205,14.174,21.928,654.219,25.6140030920506
20230207160736.2,26.1219967156649,1.176e-06,-2.35e-07,19.956,14.205,14.193,21.947,9.9e+37,26.1219967156649
20230207160736.7,26.6289945691824,-3.057e-06,2.35e-07,19.966,14.201,14.181,21.947,9.9e+37,26.6289945691824
20230207160737.2,27.1290019154549,-1.0112e-05,4.7e-07,19.948,14.211,14.175,21.935,9.9e+37,27.1290019154549
20230207160737.7,27.6529982686043,-1.803e-06,-1.57e-07,19.979,14.201,14.183,21.955,9.9e+37,27.6529982686043
20230207160738.2,28.1610019505024,2.6024e-05,1.57e-07,19.979,14.201,14.189,21.965,9.9e+37,28.1610019505024
20230207160738.7,28.6759961396456,3.0413e-05,1.489e-06,19.977,14.224,14.189,21.943,9.9e+37,28.6759961396456
20230207160739.2,29.179996624589,3.6919e-05,2.9e-06,19.985,14.189,14.185,21.961,9.9e+37,29.179996624589
20230207160739.7,29.6800039708614,9.563e-06,3.292e-06,19.981,14.215,14.179,21.967,9.9e+37,29.6800039708614
20230207160740.3,30.1879975944757,-7.211e-06,-5.49e-07,19.979,14.207,14.191,21.961,9.9e+37,30.1879975944757
20230207160740.8,30.6919980794191,1.6069e-05,0,19.918,14.114,14.13,21.927,9.9e+37,30.6919980794191
20230207160741.3,31.2149986624718,1.1836e-05,2.9e-06,19.912,14.144,14.13,21.921,9.9e+37,31.2149986624718
20230207160741.8,31.7149959504604,5.957e-06,4.311e-06,19.92,14.155,14.122,21.902,9.9e+37,31.7149959504604
20230207160742.3,32.2349991649389,-1.215e-05,-7.84e-07,19.928,14.142,14.11,21.9,9.9e+37,32.2349991649389
20230207160742.8,32.7349964529276,7.8e-08,-1.646e-06,19.922,14.151,14.134,21.884,962.203,32.7349964529276
20230207160743.3,33.2430001348257,1.803e-06,-9.41e-07,19.914,14.134,14.112,21.902,9.9e+37,33.2430001348257
20230207160743.8,33.754001185298,2.979e-06,6.27e-07,19.916,14.14,14.13,21.888,692.825,33.754001185298
20230207160744.3,34.2390015721321,7.84e-07,3.14e-07,19.93,14.146,14.122,21.878,283.818,34.2390015721321
20230207160744.8,34.7459994256496,-6.27e-07,-7.8e-08,19.942,14.134,14.124,21.872,-18.245,34.7459994256496
20230207160745.3,35.2459967136383,-1.568e-06,0,19.934,14.15,14.136,21.861,590.059,35.2459967136383
20230207160745.8,35.7540003955364,1.646e-06,-3.14e-07,19.942,14.155,14.118,21.859,43.06,35.7540003955364
20230207160746.3,36.2700004130602,9.484e-06,1.724e-06,19.926,14.122,14.136,21.837,743.317,36.2700004130602
20230207160746.8,36.7819972336292,-1.9047e-05,3.92e-07,19.955,14.134,14.126,21.845,9.9e+37,36.7819972336292
20230207160747.3,37.2739981859922,2.038e-06,-6.27e-07,19.949,14.151,14.128,21.837,9.9e+37,37.2739981859922
20230207160747.8,37.7820018678904,-1.568e-06,-2.195e-06,19.946,14.153,14.116,21.821,9.9e+37,37.7820018678904
20230207160748.3,38.281999155879,7.603e-06,0,19.953,14.15,14.132,21.843,9.9e+37,38.281999155879
20230207160748.9,38.7889970093966,-8.857e-06,3.92e-07,19.949,14.134,14.134,21.833,9.9e+37,38.7889970093966
20230207160749.4,39.289004355669,-8.465e-06,-1.803e-06,19.949,14.148,14.134,21.827,9.9e+37,39.289004355669
20230207160749.9,39.7969979792833,6.192e-06,-8.62e-07,19.961,14.138,14.106,21.818,563.077,39.7969979792833
20230207160750.4,40.3050016611814,-4.7e-07,-3.14e-07,19.955,14.146,14.108,21.831,9.9e+37,40.3050016611814
20230207160750.9,40.8129952847958,3.684e-06,-3.14e-07,19.959,14.153,14.14,21.831,9.9e+37,40.8129952847958
20230207160751.4,41.3130026310682,-1.8499e-05,5.49e-07,19.961,14.14,14.132,21.829,9.9e+37,41.3130026310682
20230207160751.9,41.829002648592,-3.92e-07,-2.352e-06,19.961,14.161,14.13,21.829,-17.924,41.829002648592
20230207160752.4,42.3360005021095,-2.979e-06,-5.49e-07,19.992,14.151,14.15,21.821,581.291,42.3360005021095
20230207160752.9,42.8359977900982,3.4332e-05,-1.646e-06,19.959,14.15,14.126,21.816,-33.578,42.8359977900982
20230207160753.4,43.351997807622,6.427e-06,7.84e-07,19.975,14.136,14.136,21.816,9.9e+37,43.351997807622
20230207160753.9,43.8519950956106,3.919e-06,3.92e-07,19.981,14.157,14.122,21.79,1023.478,43.8519950956106
20230207160754.4,44.3599987775087,3.92e-07,0,19.969,14.15,14.134,21.776,9.9e+37,44.3599987775087
20230207160754.9,44.8599960654974,1.019e-06,3.14e-07,19.957,14.157,14.134,21.794,94.484,44.8599960654974
20230207160755.4,45.3750003129244,5.49e-07,3.14e-07,19.977,14.14,14.124,21.767,264.871,45.3750003129244
20230207160756,45.8989966660738,8.62e-07,-3.92e-07,19.987,14.157,14.12,21.753,9.9e+37,45.8989966660738
20230207160756.5,46.4110035449266,-2.273e-06,-7.8e-08,19.991,14.146,14.128,21.749,9.9e+37,46.4110035449266
20230207160757,46.9030044972897,-3.057e-06,-2.35e-07,19.996,14.148,14.13,21.747,9.9e+37,46.9030044972897
20230207160757.5,47.4030017852783,-1.1758e-05,-1.019e-06,19.987,14.163,14.132,21.743,9.9e+37,47.4030017852783
20230207160758,47.8989958763123,3.841e-06,-2.587e-06,19.979,14.14,14.157,21.728,84.169,47.8989958763123
20230207160758.5,48.4069995582104,-7.133e-06,-1.176e-06,19.983,14.134,14.128,21.737,9.9e+37,48.4069995582104
20230207160759,48.9139974117279,-1.6617e-05,-3.057e-06,20,14.153,14.126,21.726,681.622,48.9139974117279
20230207160759.5,49.4140047580004,9.249e-06,-4.625e-06,19.979,14.161,14.136,21.751,50.213,49.4140047580004
20230207160760,49.9219983816147,3.292e-06,-3.762e-06,20.002,14.142,14.148,21.765,337.198,49.9219983816147
20230207160800.5,50.4300020635128,1.795e-05,4.7e-07,20.012,14.15,14.134,21.771,714.546,50.4300020635128
20230207160801,50.9379956871271,1.2541e-05,3.92e-07,20.002,14.13,14.15,21.78,345.489,50.9379956871271
20230207160801.5,51.4539957046509,1.176e-06,1.097e-06,20,14.157,14.136,21.773,179.95,51.4539957046509
20230207160802,51.9380003213882,-3.684e-06,7.8e-08,20.014,14.146,14.138,21.78,63.139,51.9380003213882
20230207160802.5,52.4460040032864,1.6617e-05,2.273e-06,20.02,14.155,14.14,21.757,9.9e+37,52.4460040032864
20230207160803,52.946001291275,-1.1522e-05,-6.27e-07,20.014,14.15,14.144,21.778,9.9e+37,52.946001291275
20230207160803.5,53.4459985792637,1.176e-06,-1.176e-06,20.018,14.151,14.151,21.771,217.341,53.4459985792637
20230207160804,53.9499990642071,-6.192e-06,-3.14e-07,20.004,14.132,14.144,21.763,152.188,53.9499990642071
20230207160804.5,54.4499963521957,-6.819e-06,-1.333e-06,20.014,14.155,14.136,21.765,9.9e+37,54.4499963521957
20230207160805,54.9500036984682,4.2327e-05,2.665e-06,20.024,14.138,14.126,21.751,559.841,54.9500036984682
20230207160805.5,55.4540041834116,7.838e-06,3.14e-07,20.032,14.153,14.151,21.751,-23.028,55.4540041834116
20230207160806,55.9610020369291,3.2451e-05,1.724e-06,20.02,14.151,14.14,21.763,933.339,55.9610020369291
20230207160806.5,56.4689956605434,2.2731e-05,2.116e-06,20.02,14.146,14.136,21.743,393.334,56.4689956605434
20230207160807,56.9690030068159,-2.822e-06,6.27e-07,20.026,14.151,14.159,21.726,-86.596,56.9690030068159
20230207160807.5,57.4690002948046,7.05e-07,7.05e-07,20.037,14.148,14.142,21.741,-195.256,57.4690002948046
20230207160808,57.9770039767027,-1.176e-06,7.8e-08,20.049,14.14,14.13,21.718,9.9e+37,57.9770039767027
20230207160808.6,58.5000045597553,6.506e-06,1.019e-06,20.028,14.155,14.142,21.7,46.578,58.5000045597553
20230207160809.1,58.9889980852604,8.074e-06,1.333e-06,20.047,14.157,14.15,21.685,314.266,58.9889980852604
20230207160809.6,59.4929985702038,1.254e-06,6.27e-07,20.047,14.157,14.148,21.685,9.9e+37,59.4929985702038
20230207160810.1,59.9929958581924,-1.646e-06,0,20.051,14.15,14.142,21.659,9.9e+37,59.9929958581924
20230207160810.6,60.5080001056194,5.017e-06,8.62e-07,20.059,14.151,14.163,21.685,855.802,60.5080001056194
20230207160811.1,61.0120005905628,3.527e-06,9.41e-07,20.047,14.151,14.132,21.661,135.362,61.0120005905628
20230207160811.6,61.5200042724609,-1.019e-06,7.8e-08,20.051,14.155,14.128,21.663,69.693,61.5200042724609
20230207160812.1,62.0279978960752,2.743e-06,7.8e-08,20.045,14.161,14.134,21.671,-138.297,62.0279978960752
20230207160812.6,62.5279951840639,1.411e-06,7.8e-08,20.075,14.15,14.146,21.667,57.027,62.5279951840639
20230207160813.1,63.0280025303364,7.84e-07,9.41e-07,20.051,14.155,14.136,21.659,9.9e+37,63.0280025303364
20230207160813.6,63.5359961539507,8.62e-07,3.92e-07,20.061,14.171,14.142,21.663,9.9e+37,63.5359961539507
20230207160814.1,64.0360035002232,-7.8e-08,3.14e-07,20.069,14.157,14.144,21.659,-125.685,64.0360035002232
20230207160814.6,64.538998156786,1.411e-06,9.41e-07,20.057,14.161,14.132,21.669,9.9e+37,64.538998156786
20230207160815.1,65.050994977355,6.27e-07,2.35e-07,20.053,14.163,14.144,21.655,213.91,65.050994977355
20230207160815.6,65.5630018562078,5.49e-07,-1.57e-07,20.067,14.144,14.157,21.657,116.677,65.5630018562078
20230207160816.1,66.0509996116161,1.254e-06,4.7e-07,20.051,14.155,14.14,21.675,-99.75,66.0509996116161
20230207160816.6,66.5509968996048,1.57e-07,5.49e-07,20.086,14.161,14.138,21.649,366.15,66.5509968996048
20230207160817.1,67.0549973845482,1.176e-06,3.92e-07,20.075,14.155,14.157,21.638,-7.824,67.0549973845482
20230207160817.6,67.567004263401,1.176e-06,7.8e-08,20.053,14.151,14.142,21.657,358.72,67.567004263401
20230207160818.1,68.0509988218546,1.411e-06,2.35e-07,20.092,14.151,14.153,21.655,635.625,68.0509988218546
20230207160818.6,68.5509961098433,5.49e-07,-5.49e-07,20.073,14.148,14.155,21.634,323.586,68.5509961098433
20230207160819.1,69.0510034561157,-7.8e-08,2.35e-07,20.096,14.157,14.138,21.63,544.543,69.0510034561157
20230207160819.6,69.5510007441044,1.097e-06,2.35e-07,20.104,14.163,14.159,21.626,542.219,69.5510007441044
20230207160820.1,70.0590044260025,3.92e-07,3.92e-07,20.094,14.167,14.151,21.63,147.284,70.0590044260025
20230207160820.6,70.5710012465715,7.05e-07,7.05e-07,20.09,14.151,14.14,21.62,95.126,70.5710012465715
20230207160821.1,71.0789948701859,1.96e-06,-7.8e-08,20.079,14.173,14.15,21.6,9.9e+37,71.0789948701859
20230207160821.6,71.5790022164583,-1.57e-07,4.7e-07,20.092,14.161,14.151,21.608,9.9e+37,71.5790022164583
20230207160822.1,72.078999504447,1.96e-06,7.05e-07,20.092,14.159,14.144,21.597,-56.326,72.078999504447
20230207160822.6,72.5789967924356,1.646e-06,4.7e-07,20.092,14.171,14.161,21.593,35.842,72.5789967924356
20230207160823.1,73.0790041387081,1.411e-06,7.84e-07,20.112,14.171,14.14,21.579,122.269,73.0790041387081
20230207160823.7,73.5899951308966,-2.743e-06,-4.7e-07,20.112,14.159,14.159,21.565,318.707,73.5899951308966
20230207160824.2,74.0979988127947,2.665e-06,1.57e-07,20.118,14.155,14.14,21.561,291.283,74.0979988127947
20230207160824.7,74.5979961007833,2.9e-06,-1.57e-07,20.118,14.159,14.153,21.548,461.478,74.5979961007833
20230207160825.2,75.1100029796362,2.587e-06,7.05e-07,20.106,14.157,14.159,21.546,409.678,75.1100029796362
20230207160825.7,75.6179966032505,1.489e-06,-3.92e-07,20.12,14.163,14.151,21.542,254.581,75.6179966032505
20230207160826.2,76.1250045150518,-7.8e-08,7.8e-08,20.12,14.171,14.146,21.528,44.211,76.1250045150518
20230207160826.7,76.6139980405569,0,2.35e-07,20.102,14.159,14.15,21.518,79.77,76.6139980405569
20230207160827.2,77.1139953285456,0,-3.92e-07,20.116,14.155,14.151,21.514,290.157,77.1139953285456
20230207160827.7,77.614002674818,1.333e-06,-7.8e-08,20.133,14.181,14.161,21.516,353.735,77.614002674818
20230207160828.2,78.109996765852,-6.427e-06,-4.7e-07,20.11,14.157,14.169,21.508,286.942,78.109996765852
20230207160828.7,78.6139972507954,3.214e-06,3.14e-07,20.129,14.159,14.144,21.495,530.192,78.6139972507954
20230207160829.2,79.1140045970678,-1.0425e-05,-4.7e-07,20.133,14.151,14.142,21.514,159.222,79.1140045970678
20230207160829.7,79.6140018850565,3.3156e-05,1.176e-06,20.139,14.161,14.169,21.507,343.736,79.6140018850565
20230207160830.2,80.1139991730452,2.6024e-05,1.4266e-05,20.141,14.153,14.153,21.487,9.9e+37,80.1139991730452
20230207160830.7,80.6290034204721,-7.8e-08,2.4064e-05,20.129,14.146,14.169,21.485,9.9e+37,80.6290034204721
20230207160831.2,81.1140038073063,2.4769e-05,8.62e-07,20.151,14.151,14.177,21.497,9.9e+37,81.1140038073063
20230207160831.7,81.614001095295,3.6762e-05,1.489e-06,20.143,14.169,14.163,21.493,289.5,81.614001095295
20230207160832.2,82.1139983832836,6.192e-06,-3.14e-07,20.129,14.153,14.177,21.469,9.9e+37,82.1139983832836
20230207160832.7,82.6139956712723,3.841e-06,1.803e-06,20.151,14.161,14.151,21.481,9.9e+37,82.6139956712723
20230207160833.2,83.133003115654,3.92e-07,9.41e-07,20.143,14.146,14.155,21.481,9.9e+37,83.133003115654
20230207160833.7,83.6409967392683,1.097e-06,1.019e-06,20.143,14.169,14.136,21.487,9.9e+37,83.6409967392683
20230207160834.2,84.1569967567921,1.333e-06,7.05e-07,20.141,14.179,14.157,21.479,-148.229,84.1569967567921
20230207160834.7,84.6570041030645,7.8e-08,5.49e-07,20.143,14.171,14.15,21.481,-24.217,84.6570041030645
20230207160835.2,85.1640019565821,1.646e-06,8.62e-07,20.151,14.163,14.144,21.475,167.567,85.1640019565821
20230207160835.7,85.6639992445707,1.803e-06,4.7e-07,20.145,14.175,14.144,21.483,128.806,85.6639992445707
20230207160836.2,86.1639965325594,7.05e-07,1.57e-07,20.163,14.167,14.167,21.467,105.984,86.1639965325594
20230207160836.7,86.6640038788319,0,6.27e-07,20.178,14.183,14.132,21.473,-111.82,86.6640038788319
20230207160837.2,87.1640011668205,5.49e-07,3.14e-07,20.169,14.15,14.161,21.487,9.9e+37,87.1640011668205
20230207160837.7,87.6639984548092,7.8e-08,2.35e-07,20.165,14.151,14.142,21.471,9.9e+37,87.6639984548092
20230207160838.2,88.1679989397526,7.8e-08,6.27e-07,20.182,14.165,14.148,21.471,9.9e+37,88.1679989397526
20230207160838.7,88.6679962277412,6.27e-07,1.176e-06,20.184,14.163,14.155,21.458,9.9e+37,88.6679962277412
20230207160839.2,89.1610030084848,9.41e-07,2.35e-07,20.174,14.177,14.153,21.467,9.9e+37,89.1610030084848
20230207160839.7,89.6610002964735,2.35e-07,7.8e-08,20.184,14.183,14.155,21.458,9.9e+37,89.6610002964735
20230207160840.2,90.1609975844622,2.35e-07,1.019e-06,20.184,14.165,14.155,21.456,9.9e+37,90.1609975844622
20230207160840.7,90.6679954379797,-2.35e-07,1.097e-06,20.182,14.153,14.159,21.469,9.9e+37,90.6679954379797
20230207160841.2,91.1759991198778,7.84e-07,7.05e-07,20.178,14.155,14.169,21.462,-36.052,91.1759991198778
20230207160841.7,91.6759964078665,6.27e-07,-3.92e-07,20.184,14.193,14.165,21.475,9.9e+37,91.6759964078665
20230207160842.3,92.1880032867193,5.49e-07,1.57e-07,20.186,14.171,14.165,21.46,-121.278,92.1880032867193
20230207160842.8,92.688000574708,-7.8e-08,7.84e-07,20.178,14.185,14.163,21.467,-189.459,92.688000574708
20230207160843.3,93.1879978626966,7.05e-07,1.254e-06,20.186,14.169,14.155,21.46,82.641,93.1879978626966
20230207160843.8,93.6879951506853,-3.14e-07,-1.57e-07,20.182,14.165,14.155,21.44,260.185,93.6879951506853
20230207160844.3,94.1880024969578,1.57e-07,1.57e-07,20.21,14.171,14.157,21.436,327.28,94.1880024969578
20230207160844.8,94.6920029819012,3.92e-07,2.35e-07,20.192,14.173,14.165,21.436,166.732,94.6920029819012
20230207160845.3,95.1999966055155,7.05e-07,2.35e-07,20.198,14.175,14.171,21.434,140.855,95.1999966055155
20230207160845.8,95.7000039517879,-4.7e-07,1.176e-06,20.204,14.167,14.177,21.42,20.081,95.7000039517879
20230207160846.3,96.2000012397766,-3.762e-06,0,20.202,14.181,14.155,21.42,-104.26,96.2000012397766
20230207160846.8,96.6999985277653,-3.762e-06,0,20.208,14.173,14.169,21.403,177.43,96.6999985277653
20230207160847.3,97.2069963812828,1.066e-05,-2.35e-07,20.198,14.179,14.175,21.407,302.745,97.2069963812828
20230207160847.8,97.7070037275553,1.411e-06,6.27e-07,20.192,14.171,14.187,21.395,205.994,97.7070037275553
20230207160848.3,98.2149973511696,-1.333e-06,-7.8e-08,20.215,14.183,14.177,21.379,-59.06,98.2149973511696
20230207160848.8,98.7069983035326,-7.05e-07,3.14e-07,20.227,14.159,14.157,21.374,9.9e+37,98.7069983035326
20230207160849.3,99.2069955915213,4.076e-06,8.62e-07,20.21,14.159,14.175,21.368,9.9e+37,99.2069955915213
20230207160849.8,99.7070029377937,-7.84e-07,-3.92e-07,20.214,14.175,14.157,21.379,9.9e+37,99.7070029377937
20230207160850.3,100.211003422737,2.35e-07,6.27e-07,20.229,14.173,14.157,21.358,9.9e+37,100.211003422737
20230207160850.8,100.711000710726,2.038e-06,-7.84e-07,20.206,14.165,14.169,21.354,9.9e+37,100.711000710726
20230207160851.3,101.210997998714,3.14e-07,-7.84e-07,20.229,14.179,14.159,21.34,9.9e+37,101.210997998714
20230207160851.8,101.714998483658,3.135e-06,-7.8e-08,20.21,14.163,14.171,21.356,9.9e+37,101.714998483658
20230207160852.3,102.214995771646,-7.05e-07,3.92e-07,20.229,14.167,14.165,21.354,116.088,102.214995771646
20230207160852.8,102.715003117919,1.254e-06,-2.35e-07,20.223,14.171,14.177,21.346,440.809,102.715003117919
20230207160853.3,103.215000405908,1.57e-07,7.8e-08,20.241,14.185,14.171,21.334,561.033,103.215000405908
20230207160853.8,103.714997693896,-1.803e-06,7.05e-07,20.237,14.177,14.175,21.336,371.22,103.714997693896
20230207160854.3,104.21899817884,5.644e-06,6.27e-07,20.245,14.169,14.157,21.319,396.19,104.21899817884
20230207160854.8,104.710999131203,3.8643e-05,-1.646e-06,20.239,14.181,14.175,21.305,815.697,104.710999131203
20230207160855.3,105.210996419191,3.8487e-05,7.603e-06,20.26,14.171,14.181,21.33,457.655,105.210996419191
20230207160855.8,105.711003765464,-9.406e-06,4.39e-06,20.243,14.167,14.175,21.313,9.9e+37,105.711003765464
20230207160856.3,106.215004250407,1.599e-05,-1.176e-06,20.26,14.177,14.159,21.315,9.9e+37,106.215004250407
20230207160856.8,106.715001538396,1.3639e-05,-7.8e-08,20.264,14.159,14.173,21.299,689.787,106.715001538396
20230207160857.3,107.214998826385,3.214e-06,5.49e-07,20.245,14.161,14.159,21.289,504.493,107.214998826385
20230207160857.8,107.723002508283,8.465e-06,-7.8e-08,20.274,14.167,14.177,21.282,9.9e+37,107.723002508283
20230207160858.3,108.211000263691,-2.43e-06,2.195e-06,20.26,14.187,14.159,21.291,9.9e+37,108.211000263691
20230207160858.8,108.71099755168,-1.9831e-05,-5.33e-06,20.264,14.171,14.169,21.297,192.685,108.71099755168
20230207160859.3,109.207001700997,1.4188e-05,2.743e-06,20.27,14.173,14.173,21.307,9.9e+37,109.207001700997
20230207160859.8,109.726994857192,3.606e-06,4.625e-06,20.276,14.153,14.163,21.317,-62.253,109.726994857192
20230207160900.3,110.23499853909,5.957e-06,8.074e-06,20.259,14.189,14.173,21.303,-71.64,110.23499853909
20230207160900.8,110.743002220988,2.0145e-05,8.544e-06,20.255,14.177,14.183,21.301,257.706,110.743002220988
20230207160901.3,111.245996877551,-2.822e-06,-1.411e-06,20.278,14.183,14.175,21.285,-87.475,111.245996877551
20230207160901.8,111.746004223824,-7.838e-06,3.92e-07,20.274,14.163,14.187,21.285,-86.216,111.746004223824
20230207160902.3,112.246001511812,-1.5442e-05,-2.038e-06,20.282,14.173,14.171,21.285,9.9e+37,112.246001511812
20230207160902.8,112.745998799801,9.563e-06,1.6226e-05,20.278,14.181,14.171,21.301,232.667,112.745998799801
20230207160903.3,113.24599608779,7.0781e-05,1.9439e-05,20.296,14.169,14.183,21.295,776.575,113.24599608779
20230207160903.8,113.758002966642,-2.2183e-05,-1.3796e-05,20.298,14.175,14.177,21.305,11.024,113.758002966642
20230207160904.3,114.258000254631,3.3548e-05,4.154e-06,20.28,14.173,14.187,21.307,303.066,114.258000254631
20230207160904.8,114.75799754262,-7.055e-06,-3.14e-07,20.288,14.175,14.179,21.317,-26.431,114.75799754262
20230207160905.3,115.257994830608,2.352e-06,2.35e-07,20.294,14.185,14.167,21.329,148.377,115.257994830608
20230207160905.8,115.761995315552,2.587e-06,-3.292e-06,20.274,14.173,14.189,21.313,207.188,115.761995315552
20230207160906.3,116.265995800495,2.43e-06,-1.803e-06,20.292,14.189,14.187,21.307,880.702,116.265995800495
20230207160906.8,116.778002679348,2.7513e-05,3.057e-06,20.3,14.171,14.161,21.323,999.872,116.778002679348
20230207160907.4,117.285996302962,3.3078e-05,3.371e-06,20.317,14.165,14.185,21.332,698.73,117.285996302962
20230207160907.9,117.786003649235,3.7624e-05,1.019e-06,20.304,14.177,14.165,21.34,54.997,117.786003649235
20230207160908.4,118.286000937223,-1.3404e-05,7.8e-08,20.325,14.202,14.173,21.332,443.005,118.286000937223
20230207160908.9,118.785998225212,4.0133e-05,3.919e-06,20.315,14.175,14.189,21.35,9.9e+37,118.785998225212
20230207160909.4,119.285995513201,3.88e-05,2.979e-06,20.323,14.181,14.171,21.354,501.796,119.285995513201
20230207160909.9,119.786002859473,0,9.014e-06,20.327,14.183,14.181,21.36,9.9e+37,119.786002859473
20230207160910.4,120.286000147462,-1.8969e-05,1.57e-07,20.325,14.193,14.183,21.385,9.9e+37,120.286000147462
20230207160910.9,120.785997435451,-7.517e-05,9.171e-06,20.319,14.175,14.119,21.311,9.9e+37,120.785997435451
20230207160911.4,121.289002150297,0.000206385,-2.5161e-05,20.267,14.117,14.119,21.304,1068.865,121.289002150297
20230207160911.9,121.788999438286,4.8285e-05,8.701e-06,20.282,14.113,14.113,21.313,9.9e+37,121.788999438286
20230207160912.4,122.288996726274,4.2954e-05,8.701e-06,20.308,14.123,14.111,21.313,13.933,122.288996726274
20230207160912.9,122.789004072547,2.0772e-05,6.898e-06,20.284,14.121,14.127,21.308,9.9e+37,122.789004072547
20230207160913.4,123.289001360536,1.0974e-05,2.822e-06,20.296,14.125,14.134,21.308,663.15,123.289001360536
20230207160913.9,123.788998648524,5.409e-06,6.036e-06,20.284,14.099,14.132,21.319,9.9e+37,123.788998648524
20230207160914.4,124.288995936513,4.233e-06,4.546e-06,20.277,14.125,14.111,21.311,9.9e+37,124.288995936513
20230207160914.9,124.792996421456,7.525e-06,4.468e-06,20.279,14.113,14.103,21.321,-48.02,124.792996421456
20230207160915.4,125.293003767729,2.665e-06,4.703e-06,20.296,14.115,14.13,21.302,1130.165,125.293003767729
20230207160915.9,125.793001055717,7.603e-06,4.076e-06,20.277,14.113,14.121,21.315,372.352,125.793001055717
20230207160916.4,126.288995146751,5.722e-06,3.214e-06,20.288,14.121,14.113,21.3,604.438,126.288995146751
20230207160916.9,126.789002493024,2.508e-06,4.154e-06,20.279,14.125,14.119,21.296,342.027,126.789002493024
20230207160917.4,127.288999781013,4.076e-06,3.762e-06,20.279,14.123,14.109,21.311,98.928,127.288999781013
20230207160917.9,127.788997069001,2.038e-06,3.292e-06,20.288,14.132,14.115,21.3,236.471,127.788997069001
20230207160918.4,128.289004415274,2.038e-06,3.449e-06,20.29,14.115,14.121,21.317,96.249,128.289004415274
20230207160918.9,128.792994841933,7.84e-07,2.508e-06,20.308,14.119,14.128,21.315,9.9e+37,128.792994841933
20230207160919.4,129.288998991251,3.998e-06,2.822e-06,20.279,14.115,14.121,21.333,534.245,129.288998991251
20230207160919.9,129.804999008775,7.05e-07,3.841e-06,20.286,14.119,14.136,21.313,340.554,129.804999008775
20230207160920.4,130.313002690673,1.176e-06,2.195e-06,20.292,14.123,14.136,21.333,-150.47,130.313002690673
20230207160920.9,130.820996314287,3.371e-06,2.665e-06,20.296,14.146,14.099,21.337,131.324,130.820996314287
20230207160921.4,131.328999996185,1.097e-06,2.43e-06,20.326,14.128,14.132,21.341,286.677,131.328999996185
20230207160921.9,131.844004243612,1.803e-06,2.038e-06,20.308,14.136,14.125,21.374,-127.192,131.844004243612
20230207160922.4,132.356001064181,1.568e-06,2.038e-06,20.3,14.119,14.127,21.388,71.295,132.356001064181
20230207160922.9,132.85599835217,2.587e-06,1.333e-06,20.316,14.13,14.13,21.376,299.252,132.85599835217
20230207160923.5,133.386995270848,1.881e-06,1.881e-06,20.31,14.115,14.121,21.409,9.9e+37,133.386995270848
20230207160924,133.902995288372,5.49e-07,2.195e-06,20.322,14.132,14.113,21.409,9.9e+37,133.902995288372
20230207160924.5,134.406995773315,1.176e-06,1.646e-06,20.31,14.119,14.136,21.413,9.9e+37,134.406995773315
20230207160925,134.938002750278,1.881e-06,1.411e-06,20.326,14.119,14.119,21.429,-196.906,134.938002750278
20230207160925.5,135.454002767801,3.057e-06,1.254e-06,20.324,14.134,14.125,21.429,39.05,135.454002767801
20230207160926,135.937997326255,1.097e-06,1.254e-06,20.341,14.13,14.132,21.431,596.296,135.937997326255
20230207160926.5,136.437994614244,0,1.881e-06,20.32,14.121,14.105,21.442,25.246,136.437994614244
20230207160927,136.954004690051,-8.62e-07,8.62e-07,20.331,14.132,14.132,21.456,9.9e+37,136.954004690051
20230207160927.5,137.468998879194,7.05e-07,1.724e-06,20.331,14.109,14.125,21.487,-19.913,137.468998879194
20230207160928,137.968996167183,1.176e-06,8.62e-07,20.341,14.121,14.125,21.493,3.309,137.968996167183
20230207160928.6,138.484996184707,1.881e-06,1.333e-06,20.335,14.113,14.119,21.515,9.9e+37,138.484996184707
20230207160929,138.964997604489,1.881e-06,1.411e-06,20.351,14.134,14.117,21.529,123.835,138.964997604489
20230207160929.5,139.464994892478,7.05e-07,1.333e-06,20.337,14.138,14.136,21.552,309.578,139.464994892478
20230207160930,139.968995377421,5.49e-07,1.176e-06,20.312,14.103,14.138,21.556,171.93,139.968995377421
20230207160930.5,140.469002723694,1.333e-06,1.254e-06,20.343,14.136,14.134,21.585,663.563,140.469002723694
20230207160931,140.969000011683,1.411e-06,8.62e-07,20.337,14.109,14.121,21.605,301.436,140.969000011683
20230207160931.5,141.480996832252,9.41e-07,1.019e-06,20.343,14.13,14.136,21.617,-60.625,141.480996832252
20230207160932,141.965001448989,9.41e-07,1.333e-06,20.333,14.13,14.117,21.638,135.187,141.965001448989
20230207160932.5,142.469001933932,1.097e-06,9.41e-07,20.345,14.125,14.125,21.646,-121.438,142.469001933932
20230207160933,142.968999221921,1.176e-06,1.489e-06,20.347,14.144,14.125,21.663,27.289,142.968999221921
20230207160933.5,143.46899650991,1.333e-06,1.019e-06,20.341,14.132,14.14,21.65,30.986,143.46899650991
20230207160934,143.969003856182,8.62e-07,9.41e-07,20.341,14.132,14.111,21.658,9.9e+37,143.969003856182
20230207160934.5,144.481000676751,7.05e-07,1.176e-06,20.361,14.132,14.138,21.658,9.9e+37,144.481000676751
20230207160935,144.98099796474,-1.57e-07,7.84e-07,20.351,14.127,14.128,21.663,-127.062,144.98099796474
20230207160935.5,145.480995252728,7.8e-08,7.84e-07,20.343,14.125,14.123,21.683,-67.241,145.480995252728
20230207160936.1,145.984995737672,-4.7e-07,6.27e-07,20.361,14.13,14.138,21.656,92.452,145.984995737672
20230207160936.6,146.485003083944,7.84e-07,7.84e-07,20.355,14.125,14.142,21.665,87.218,146.485003083944
20230207160937.1,146.985000371933,2.35e-07,1.019e-06,20.353,14.14,14.154,21.673,-21.644,146.985000371933
20230207160937.6,147.496001422405,-7.05e-07,1.333e-06,20.371,14.123,14.152,21.667,-153.095,147.496001422405
20230207160938.1,147.988998144865,2.35e-07,7.05e-07,20.38,14.136,14.119,21.665,-101.706,147.988998144865
20230207160938.6,148.488995432854,1.097e-06,1.254e-06,20.378,14.121,14.136,21.673,9.9e+37,148.488995432854
20230207160939.1,149.003999680281,-6.27e-07,1.411e-06,20.38,14.101,14.121,21.656,9.9e+37,149.003999680281
20230207160939.6,149.524002894759,0,1.254e-06,20.365,14.146,14.125,21.644,9.9e+37,149.524002894759
20230207160940.1,150.035999715328,7.84e-07,1.254e-06,20.365,14.115,14.144,21.656,9.9e+37,150.035999715328
20230207160940.6,150.539004430175,7.05e-07,1.568e-06,20.386,14.142,14.14,21.656,43.588,150.539004430175
20230207160941.1,151.039001718163,1.333e-06,9.41e-07,20.376,14.14,14.15,21.64,-72.102,151.039001718163
20230207160941.6,151.538999006152,1.646e-06,7.84e-07,20.382,14.117,14.132,21.624,276.599,151.538999006152
20230207160942.1,152.038996294141,8.62e-07,4.7e-07,20.38,14.132,14.14,21.626,123.753,152.038996294141
20230207160942.6,152.539003640413,4.7e-07,1.097e-06,20.38,14.144,14.128,21.638,185.611,152.539003640413
20230207160943.1,153.039000928402,7.05e-07,1.646e-06,20.398,14.14,14.134,21.622,650.811,153.039000928402
20230207160943.6,153.538998216391,1.724e-06,8.62e-07,20.396,14.134,14.136,21.624,741.812,153.538998216391
20230207160944.1,154.05099503696,-1.489e-06,1.254e-06,20.392,14.128,14.128,21.613,428.867,154.05099503696
20230207160944.6,154.554995521903,1.568e-06,1.097e-06,20.396,14.146,14.14,21.611,242.331,154.554995521903
20230207160945.1,155.055002868176,8.62e-07,8.62e-07,20.408,14.134,14.128,21.593,288.19,155.055002868176
20230207160945.6,155.555000156164,-9.41e-07,7.05e-07,20.412,14.128,14.14,21.591,483.374,155.555000156164
20230207160946.1,156.066996976733,2.35e-07,1.176e-06,20.398,14.121,14.13,21.595,685.319,156.066996976733
20230207160946.6,156.58200122416,3.449e-06,7.05e-07,20.402,14.136,14.138,21.575,220.851,156.58200122416
20230207160947.2,157.089994847775,7.8e-08,7.05e-07,20.386,14.138,14.136,21.56,121.772,157.089994847775
20230207160947.7,157.593995332718,5.49e-07,4.7e-07,20.402,14.144,14.146,21.558,20.355,157.593995332718
20230207160948.2,158.09400267899,1.489e-06,4.7e-07,20.417,14.14,14.132,21.56,-40.768,158.09400267899
20230207160948.7,158.593999966979,9.41e-07,3.14e-07,20.402,14.134,14.127,21.548,23.648,158.593999966979
20230207160949.2,159.093997254968,-5.49e-07,3.92e-07,20.406,14.127,14.144,21.529,513.936,159.093997254968
20230207160949.7,159.593994542956,7.84e-07,7.05e-07,20.412,14.138,14.144,21.546,348.503,159.593994542956
20230207160950.2,160.094001889229,1.411e-06,0,20.404,14.132,14.146,21.517,266.514,160.094001889229
20230207160950.7,160.610001906753,1.646e-06,6.27e-07,20.429,14.136,14.134,21.507,461.866,160.610001906753
20230207160951.2,161.114002391696,6.27e-07,4.7e-07,20.431,14.127,14.158,21.521,449.76,161.114002391696
20230207160951.7,161.613999679685,8.62e-07,2.35e-07,20.423,14.146,14.142,21.497,597.123,161.613999679685
20230207160952.2,162.113996967673,4.7e-07,7.84e-07,20.419,14.123,14.142,21.48,1075.235,162.113996967673
20230207160952.7,162.614004313946,7.05e-07,4.7e-07,20.443,14.146,14.146,21.497,361.846,162.614004313946
20230207160953.2,163.12199793756,0,1.176e-06,20.421,14.144,14.148,21.472,924.871,163.12199793756
20230207160953.7,163.621995225549,-3.057e-06,1.57e-07,20.427,14.127,14.144,21.484,591.83,163.621995225549
20230207160954.2,164.124999940395,-1.881e-06,5.49e-07,20.435,14.144,14.144,21.482,40.117,164.124999940395
20230207160954.7,164.624997228384,-8.62e-07,3.92e-07,20.433,14.146,14.146,21.474,9.9e+37,164.624997228384
20230207160955.2,165.125004574656,-3.684e-06,2.35e-07,20.437,14.13,14.15,21.45,9.9e+37,165.125004574656
20230207160955.7,165.628995001316,-1.1444e-05,-1.568e-06,20.437,14.134,14.162,21.464,9.9e+37,165.628995001316
20230207160956.2,166.141001880169,-2.2731e-05,1.254e-06,20.433,14.158,14.15,21.446,697.038,166.141001880169
20230207160956.7,166.645002365112,-1.7558e-05,-5.644e-06,20.435,14.132,14.138,21.442,9.9e+37,166.645002365112
