20230208131725.1,0,-6.009252,-6.055871,11.438,8.521,8.395,23.877,12.714,0
20230208131725.6,0.500007346272469,-6.0109256,-6.056434,11.417,8.519,8.385,23.885,12.71,0.500007346272469
20230208131726.1,1.00800096988678,-6.0130216,-6.0707458,11.423,8.509,8.387,23.866,12.727,1.00800096988678
20230208131726.6,1.49200558662415,-6.0117233,-6.0690644,11.421,8.517,8.405,23.872,12.698,1.49200558662415
20230208131727.1,2.00800560414791,-6.0116999,-6.0631129,11.385,8.504,8.383,23.852,12.706,2.00800560414791
20230208131727.6,2.49200016260147,-6.0118798,-6.0772915,11.395,8.523,8.431,23.833,12.69,2.49200016260147
20230208131728.1,2.99200750887394,-6.0124428,-6.0833056,11.364,8.521,8.397,23.825,12.659,2.99200750887394
20230208131728.6,3.4920047968626,-6.0117077,-6.0649116,11.393,8.525,8.421,23.835,12.637,3.4920047968626
20230208131729.1,3.99999842047691,-6.0111603,-6.0579669,11.354,8.523,8.399,23.817,12.661,3.99999842047691
20230208131729.6,4.50000576674938,-6.0132797,-6.0499585,11.401,8.525,8.393,23.813,12.723,4.50000576674938
20230208131730.1,4.98500615358353,-6.0115826,-6.0564966,11.409,8.537,8.399,23.806,12.727,4.98500615358353
20230208131730.5,5.47700710594654,-6.0123646,-6.0536812,11.401,8.521,8.407,23.786,12.745,5.47700710594654
20230208131731.1,5.99600449204445,-6.0137176,-6.0579434,11.415,8.525,8.429,23.771,12.69,5.99600449204445
20230208131731.6,6.50000497698784,-6.0128104,-6.063848,11.399,8.519,8.415,23.728,12.655,6.50000497698784
20230208131732.1,7.01200179755688,-6.013178,-6.0489106,11.372,8.531,8.405,23.734,12.631,7.01200179755688
20230208131732.6,7.52000547945499,-6.0131858,-6.0565357,11.372,8.521,8.427,23.701,12.59,7.52000547945499
20230208131733.1,8.02799910306931,-6.0128026,-6.0489966,11.387,8.529,8.411,23.678,12.571,8.02799910306931
20230208131733.6,8.53500701487064,-6.0122317,-6.0543616,11.397,8.519,8.427,23.666,12.6,8.53500701487064
20230208131734.1,9.02000740170479,-6.0125445,-6.059054,11.378,8.519,8.401,23.657,12.635,9.02000740170479
20230208131734.6,9.52000468969345,-6.0117312,-6.0388063,11.362,8.531,8.397,23.645,12.616,9.52000468969345
20230208131735.1,10.0240051746368,-6.0114731,-6.0622292,11.38,8.502,8.411,23.647,12.612,10.0240051746368
20230208131735.6,10.53899936378,-6.013264,-6.0605477,11.372,8.504,8.421,23.634,12.586,10.53899936378
20230208131736.1,11.0390067100525,-6.0089235,-6.0645441,11.37,8.506,8.397,23.61,12.598,11.0390067100525
20230208131736.6,11.5470003336668,-6.0120283,-6.0751956,11.385,8.5,8.419,23.614,12.628,11.5470003336668
20230208131737.1,12.0320007205009,-6.0104016,-6.0639184,11.378,8.506,8.403,23.605,12.7,12.0320007205009
20230208131737.6,12.5350054353476,-6.0114418,-6.0873176,11.382,8.521,8.387,23.61,12.766,12.5350054353476
20230208131738.1,13.0390059202909,-6.0104955,-6.0692521,11.376,8.515,8.407,23.599,12.749,13.0390059202909
20230208131738.6,13.527999445796,-6.0122317,-6.0729043,11.364,8.502,8.403,23.603,12.727,13.527999445796
20230208131739.1,14.0350073575974,-6.0100341,-6.0803338,11.372,8.498,8.417,23.591,12.745,14.0350073575974
20230208131739.6,14.5200077444315,-6.0088766,-6.0527192,11.376,8.502,8.407,23.589,12.743,14.5200077444315
20230208131740.1,15.0200050324202,-6.0098855,-6.059312,11.37,8.496,8.417,23.576,12.719,15.0200050324202
20230208131740.6,15.5120059847832,-6.0104877,-6.0592104,11.364,8.521,8.411,23.57,12.739,15.5120059847832
20230208131741.1,16.0120032727718,-6.0097369,-6.071262,11.37,8.492,8.425,23.576,12.757,16.0120032727718
20230208131741.6,16.5120005607605,-6.0135143,-6.0589054,11.419,8.502,8.423,23.547,12.768,16.5120005607605
20230208131742.1,17.0119978487492,-6.0127322,-6.0551045,11.479,8.511,8.429,23.537,12.764,17.0119978487492
20230208131742.6,17.5120051950216,-6.0132327,-6.0617208,11.489,8.527,8.437,23.568,12.776,17.5120051950216
20230208131743.1,18.0120024830103,-6.0123412,-6.0525706,11.532,8.555,8.44,23.572,12.808,18.0120024830103
20230208131743.6,18.5200061649084,-6.0116373,-6.0538376,11.544,8.529,8.446,23.564,12.786,18.5200061649084
20230208131744.1,19.0200034528971,-6.0128026,-6.0574038,11.558,8.529,8.45,23.545,12.802,19.0200034528971
20230208131744.6,19.5240039378405,-6.0132249,-6.0471275,11.53,8.533,8.472,23.529,12.817,19.5240039378405
20230208131745.1,20.0240012258291,-6.0132484,-6.0376566,11.554,8.535,8.433,23.535,12.882,20.0240012258291
20230208131745.6,20.542998611927,-6.012568,-6.0520467,11.546,8.563,8.446,23.529,12.894,20.542998611927
20230208131746.1,21.03499956429,-6.0126305,-6.0563246,11.558,8.549,8.472,23.481,12.899,21.03499956429
20230208131746.6,21.5319994837046,-6.0127322,-6.0663819,11.538,8.553,8.458,23.498,12.884,21.5319994837046
20230208131747.1,22.0160041004419,-6.0141556,-6.0528522,11.513,8.547,8.442,23.502,12.868,22.0160041004419
20230208131747.6,22.5350014865398,-6.0131232,-6.0484648,11.485,8.535,8.456,23.483,12.872,22.5350014865398
20230208131748.1,23.020001873374,-6.0085247,-6.0454069,11.495,8.543,8.431,23.487,12.892,23.020001873374
20230208131748.6,23.5240023583174,-6.0096821,-6.0470101,11.473,8.533,8.437,23.475,12.897,23.5240023583174
20230208131749.1,24.0320060402155,-6.012654,-6.0573882,11.438,8.513,8.429,23.496,12.868,24.0320060402155
20230208131749.6,24.5280001312494,-6.0132327,-6.0483631,11.45,8.515,8.448,23.49,12.827,24.5280001312494
20230208131750.1,25.0350080430508,-6.0353808,-6.0449768,11.446,8.509,8.444,23.494,12.821,25.0350080430508
20230208131750.6,25.5430016666651,-6.008509,-6.0456337,11.397,8.506,8.462,23.49,12.796,25.5430016666651
20230208131751.1,26.0429989546537,-6.0104642,-6.0589992,11.444,8.504,8.433,23.475,12.78,26.0429989546537
20230208131751.6,26.5510026365519,-6.0178782,-6.0607823,11.411,8.535,8.46,23.479,12.753,26.5510026365519
20230208131752.1,27.0390003919601,-6.0135299,-6.0502401,11.38,8.517,8.446,23.465,12.808,27.0390003919601
20230208131752.6,27.5550004094839,-6.0142651,-6.0605399,11.368,8.527,8.433,23.458,12.845,27.5550004094839
20230208131753.1,28.063004091382,-6.0150002,-6.0491061,11.37,8.549,8.47,23.425,12.864,28.063004091382
20230208131753.6,28.5779982805252,-6.0139757,-6.0676098,11.37,8.535,8.44,23.444,12.864,28.5779982805252
20230208131754.2,29.1020046919584,-6.0137958,-6.081241,11.376,8.529,8.448,23.415,12.866,29.1020046919584
20230208131754.7,29.585999250412,-6.0141477,-6.0890538,11.354,8.519,8.454,23.423,12.858,29.585999250412
20230208131755.2,30.1019992679358,-6.0159074,-6.0646066,11.36,8.519,8.454,23.405,12.835,30.1019992679358
20230208131755.7,30.6100029498339,-6.0130998,-6.0752738,11.333,8.525,8.466,23.38,12.849,30.6100029498339
20230208131756.2,31.1100002378225,-6.0200993,-6.067993,11.342,8.529,8.435,23.374,12.862,31.1100002378225
20230208131756.7,31.6180039197206,-6.0286785,-6.0750394,11.333,8.519,8.446,23.357,12.89,31.6180039197206
20230208131757.2,32.1209985762835,-6.0154929,-6.0729122,11.338,8.515,8.439,23.378,12.915,32.1209985762835
20230208131757.7,32.6290022581816,-6.0163845,-6.0596249,11.331,8.535,8.456,23.355,12.939,32.6290022581816
20230208131758.2,33.1370059400797,-6.0149298,-6.0750394,11.368,8.525,8.468,23.37,12.933,33.1370059400797
20230208131758.7,33.6370032280684,-6.0138584,-6.0552922,11.37,8.539,8.462,23.322,12.929,33.6370032280684
20230208131759.2,34.137000516057,-6.0143198,-6.0593199,11.356,8.529,8.446,23.32,12.95,34.137000516057
20230208131759.7,34.6410010010004,-6.0135377,-6.0697057,11.342,8.521,8.44,23.312,12.993,34.6410010010004
20230208131800.2,35.1490046828985,-6.0138115,-6.0620336,11.389,8.515,8.448,23.318,12.993,35.1490046828985
20230208131800.7,35.6410056352615,-6.0135534,-6.0658579,11.378,8.533,8.452,23.314,12.97,35.6410056352615
20230208131801.2,36.1530024558306,-6.0133813,-6.0658345,11.358,8.527,8.452,23.285,12.941,36.1530024558306
20230208131801.7,36.6450034081936,-6.0140148,-6.0686499,11.352,8.547,8.462,23.285,12.894,36.6450034081936
20230208131802.2,37.149003893137,-6.0146639,-6.049849,11.37,8.521,8.462,23.278,12.901,37.149003893137
20230208131802.7,37.6600049436092,-6.0143198,-6.0595623,11.376,8.531,8.486,23.266,12.872,37.6600049436092
20230208131803.2,38.1679985672235,-6.01213,-6.0568094,11.37,8.511,8.458,23.252,12.831,38.1679985672235
20230208131803.7,38.6760022491217,-6.0135143,-6.0490826,11.372,8.527,8.464,23.264,12.811,38.6760022491217
20230208131804.2,39.1759995371103,-6.018019,-6.0563793,11.366,8.523,8.464,23.26,12.796,39.1759995371103
20230208131804.7,39.6600041538477,-6.0167286,-6.0603131,11.348,8.509,8.478,23.276,12.774,39.6600041538477
20230208131805.2,40.1680078357458,-6.0141947,-6.0598595,11.356,8.523,8.478,23.278,12.749,40.1680078357458
20230208131805.7,40.659998729825,-6.0131311,-6.0541426,11.331,8.525,8.458,23.266,12.693,40.659998729825
20230208131806.2,41.1680024117231,-6.0145622,-6.0751802,11.274,8.457,8.417,23.232,12.691,41.1680024117231
20230208131806.8,41.6880056262016,-6.0139053,-6.0641609,11.282,8.447,8.405,23.226,12.683,41.6880056262016
20230208131807.3,42.2029998153448,-6.0139131,-6.076924,11.296,8.461,8.417,23.234,12.706,42.2029998153448
20230208131807.8,42.6999997347593,-6.0152114,-6.0615097,11.294,8.445,8.396,23.236,12.685,42.6999997347593
20230208131808.3,43.2030044496059,-6.0140304,-6.0620806,11.296,8.463,8.409,23.214,12.718,43.2030044496059
20230208131808.8,43.7190044671297,-6.0113714,-6.0649038,11.286,8.445,8.427,23.239,12.753,43.7190044671297
20230208131809.3,44.2190017551184,-6.0111055,-6.0578418,11.286,8.457,8.388,23.243,12.74,44.2190017551184
20230208131809.8,44.718999043107,-6.0127713,-6.048019,11.267,8.463,8.402,23.251,12.773,44.718999043107
20230208131810.3,45.2270027250051,-6.0167598,-6.0586864,11.282,8.455,8.413,23.263,12.765,45.2270027250051
20230208131810.8,45.7270000129938,-6.0160482,-6.0755162,11.288,8.447,8.405,23.257,12.79,45.7270000129938
20230208131811.3,46.2270073592663,-6.0151957,-6.0595076,11.29,8.461,8.404,23.27,12.796,46.2270073592663
20230208131811.8,46.7270046472549,-6.0138897,-6.0561369,11.292,8.459,8.413,23.278,12.802,46.7270046472549
20230208131812.3,47.2229987382889,-6.0125132,-6.0590931,11.294,8.477,8.409,23.29,12.833,47.2229987382889
20230208131812.8,47.7230060845613,-6.0149533,-6.0698699,11.298,8.463,8.409,23.311,12.873,47.7230060845613
20230208131813.3,48.2270065695047,-6.0134204,-6.0783551,11.271,8.453,8.419,23.317,12.857,48.2270065695047
20230208131813.8,48.7270038574934,-6.0178782,-6.0812253,11.294,8.471,8.409,23.276,12.892,48.7270038574934
20230208131814.3,49.2270011454821,-6.019411,-6.0737412,11.316,8.467,8.409,23.311,12.957,49.2270011454821
20230208131814.8,49.7350048273802,-6.0171274,-6.0868875,11.343,8.461,8.425,23.309,12.984,49.7350048273802
20230208131815.3,50.2460058778524,-6.0123959,-6.0557693,11.345,8.473,8.404,23.323,13.076,50.2460058778524
20230208131815.8,50.7310062646866,-6.0123646,-6.0569737,11.355,8.482,8.431,23.323,13.115,50.7310062646866
20230208131816.3,51.23500674963,-6.0127478,-6.1042415,11.37,8.541,8.496,23.382,13.199,51.23500674963
20230208131816.8,51.7350040376186,-6.0125445,-6.0679695,11.436,8.557,8.5,23.376,13.226,51.7350040376186
20230208131817.3,52.239004522562,-6.0128652,-6.0784568,11.446,8.535,8.498,23.37,13.24,52.239004522562
20230208131817.8,52.7390018105507,-6.0128104,-6.0846351,11.452,8.547,8.482,23.355,13.259,52.7390018105507
20230208131818.3,53.2459996640682,-6.0138193,-6.0836576,11.462,8.539,8.488,23.369,13.31,53.2459996640682
20230208131818.8,53.7310000509024,-6.013788,-6.0691817,11.46,8.525,8.5,23.359,13.312,53.7310000509024
20230208131819.3,54.2310073971748,-6.0167364,-6.0625811,11.458,8.543,8.494,23.336,13.326,54.2310073971748
20230208131819.8,54.7310046851635,-6.0164079,-6.0633006,11.456,8.555,8.49,23.363,13.357,54.7310046851635
20230208131820.3,55.2350051701069,-6.0149142,-6.0617364,11.448,8.543,8.509,23.286,13.34,55.2350051701069
20230208131820.8,55.7350024580956,-6.0137176,-6.0575368,11.394,8.484,8.431,23.301,13.344,55.7350024580956
20230208131821.3,56.2460035085678,-6.0146561,-6.0553939,11.38,8.477,8.449,23.305,13.33,56.2460035085678
20230208131821.8,56.7460007965565,-6.0143433,-6.0683684,11.364,8.477,8.449,23.301,13.309,56.7460007965565
20230208131822.3,57.2459980845451,-6.0144527,-6.0535404,11.366,8.48,8.421,23.296,13.315,57.2459980845451
20230208131822.8,57.7540017664433,-6.0130763,-6.0510378,11.343,8.48,8.427,23.309,13.348,57.7540017664433
20230208131823.3,58.2539990544319,-6.0127948,-6.0596327,11.364,8.473,8.439,23.288,13.368,58.2539990544319
20230208131823.8,58.7540064007044,-6.0137567,-6.0672266,11.353,8.469,8.425,23.305,13.344,58.7540064007044
20230208131824.3,59.254003688693,-6.0131467,-6.0802869,11.349,8.473,8.441,23.303,13.358,59.254003688693
20230208131824.8,59.7700037062168,-6.0134595,-6.0572865,11.327,8.478,8.443,23.323,13.354,59.7700037062168
20230208131825.3,60.2780073881149,-6.0129746,-6.0488636,11.337,8.478,8.441,23.321,13.274,60.2780073881149
20230208131825.9,60.7930015772581,-6.0140617,-6.0420519,11.327,8.486,8.439,23.305,13.217,60.7930015772581
20230208131826.4,61.2929988652468,-6.0138818,-6.0391347,11.329,8.471,8.427,23.301,13.18,61.2929988652468
20230208131826.9,61.7969993501902,-6.0131623,-6.0445545,11.304,8.478,8.451,23.268,13.158,61.7969993501902
20230208131827.4,62.3009998351336,-6.0134048,-6.0569189,11.31,8.477,8.447,23.266,13.135,62.3009998351336
20230208131827.9,62.7970039844513,-6.0124976,-6.045579,11.276,8.48,8.457,23.263,13.119,62.7970039844513
20230208131828.4,63.3010044693947,-6.0128026,-6.0494267,11.276,8.477,8.465,23.247,13.103,63.3010044693947
20230208131828.9,63.8010017573833,-6.0124663,-6.0561134,11.261,8.486,8.443,23.23,13.123,63.8010017573833
20230208131829.4,64.300999045372,-6.0129277,-6.0467834,11.278,8.477,8.447,23.226,13.113,64.300999045372
20230208131829.9,64.8049995303154,-6.0129512,-5.9894345,11.278,8.486,8.421,23.226,13.125,64.8049995303154
20230208131830.4,65.3170064091682,-6.0162593,-6.0552688,11.28,8.471,8.437,23.22,13.086,65.3170064091682
20230208131830.9,65.8090073615313,-6.015532,-6.0129668,11.272,8.473,8.459,23.201,13.072,65.8090073615313
20230208131831.4,66.3360010832548,-6.0147499,-6.0855814,11.251,8.482,8.453,23.205,13.058,66.3360010832548
20230208131831.9,66.8359983712435,-6.0136707,-6.0433188,11.257,8.471,8.425,23.191,13.078,66.8359983712435
20230208131832.4,67.3440020531416,-6.0120362,-6.0607589,11.271,8.488,8.465,23.187,13.037,67.3440020531416
20230208131832.9,67.8749989718199,-6.0103156,-6.0244632,11.269,8.498,8.459,23.189,13.021,67.8749989718199
20230208131833.4,68.3750063180923,-6.0072421,-6.0241738,11.286,8.478,8.451,23.141,13.027,68.3750063180923
20230208131834,68.8870031386614,-6.0073751,-6.0725446,11.292,8.469,8.445,23.139,13.008,68.8870031386614
20230208131834.5,69.4030031561852,-6.0045909,-6.0651306,11.29,8.488,8.459,23.129,13.015,69.4030031561852
20230208131835,69.9100010097027,-6.0052869,-6.132521,11.267,8.508,8.451,23.1,13.01,69.9100010097027
20230208131835.5,70.4340074211359,-6.0066008,-6.0847916,11.292,8.492,8.445,23.116,12.965,70.4340074211359
20230208131836,70.9180019795895,-6.0106676,-6.0663897,11.278,8.488,8.457,23.079,12.965,70.9180019795895
20230208131836.5,71.438005194068,-6.010472,-6.0139131,11.274,8.502,8.445,23.089,12.961,71.438005194068
20230208131837,71.9459988176823,-6.0114965,-6.0645597,11.276,8.508,8.471,23.067,12.947,71.9459988176823
20230208131837.5,72.4460061639547,-6.0101045,-6.0975314,11.271,8.492,8.477,23.067,12.951,72.4460061639547
20230208131838,72.9500066488981,-6.0126384,-6.1180528,11.261,8.496,8.451,23.054,12.923,72.9500066488981
20230208131838.5,73.4500039368868,-6.0115747,-5.9723229,11.259,8.475,8.457,23.071,12.925,73.4500039368868
20230208131839,73.9529985934496,-6.0119971,-6.0533292,11.251,8.486,8.457,23.073,12.916,73.9529985934496
20230208131839.5,74.4530059397221,-6.0095336,-6.0573491,11.239,8.49,8.471,23.056,12.888,74.4530059397221
20230208131840,74.9650027602911,-6.0138427,-6.025691,11.231,8.478,8.469,23.096,12.878,74.9650027602911
20230208131840.5,75.4500031471252,-6.0170336,-6.0379773,11.229,8.482,8.469,23.069,12.882,75.4500031471252
20230208131841,75.9650073945522,-6.0123881,-6.0246822,11.235,8.5,8.455,23.071,12.886,75.9650073945522
20230208131841.5,76.4650046825409,-6.0124194,-6.1151983,11.229,8.496,8.449,23.083,12.877,76.4650046825409
20230208131842,76.9690051674843,-6.015923,-6.1325288,11.216,8.5,8.463,23.085,12.906,76.9690051674843
20230208131842.5,77.4690024554729,-6.0154147,-6.076009,11.231,8.49,8.469,23.096,12.89,77.4690024554729
20230208131843.1,77.980999276042,-6.0158918,-6.0524142,11.22,8.504,8.477,23.108,12.902,77.980999276042
20230208131843.5,78.4690070897341,-6.0153756,-6.068079,11.235,8.51,8.473,23.102,12.89,78.4690070897341
20230208131844,78.9690043777227,-6.0148672,-6.0768849,11.212,8.482,8.461,23.102,12.882,78.9690043777227
20230208131844.5,79.4690016657114,-6.0139992,-6.0339575,11.224,8.492,8.478,23.11,12.902,79.4690016657114
20230208131845.1,79.9999985843897,-6.0151253,-6.0581624,11.22,8.486,8.447,23.094,12.902,79.9999985843897
20230208131845.6,80.5000059306622,-6.0155946,-6.0621666,11.214,8.502,8.478,23.09,12.869,80.5000059306622
20230208131846.1,81.0160059481859,-6.0168068,-6.0734205,11.194,8.484,8.461,23.077,12.847,81.0160059481859
20230208131846.6,81.5160032361746,-6.0142729,-6.1124063,11.184,8.498,8.461,23.098,12.843,81.5160032361746
20230208131847.1,82.0160005241632,-6.0127244,-6.1125001,11.198,8.498,8.469,23.077,12.851,82.0160005241632
20230208131847.6,82.5160078704357,-6.0099715,-6.1079172,11.19,8.492,8.449,23.075,12.804,82.5160078704357
20230208131848.1,83.0319978296757,-6.0117624,-6.0606025,11.198,8.518,8.465,23.071,12.785,83.0319978296757
20230208131848.6,83.5350025445223,-6.0131311,-6.0913687,11.196,8.498,8.473,23.092,12.777,83.5350025445223
20230208131849.1,84.0589988976717,-6.0169163,-6.0402296,11.196,8.504,8.478,23.075,12.749,84.0589988976717
20230208131849.6,84.5430035144091,-6.0150471,-6.0684231,11.208,8.494,8.475,23.067,12.722,84.5430035144091
20230208131850.1,85.0470039993525,-6.0115122,-6.003058,11.19,8.514,8.478,23.073,12.714,85.0470039993525
20230208131850.6,85.5780009180307,-6.0139992,-6.0691035,11.179,8.514,8.461,23.081,12.667,85.5780009180307
20230208131851.1,86.0779982060194,-6.0164314,-6.0642312,11.184,8.498,8.477,23.065,12.654,86.0779982060194
20230208131851.7,86.5819986909628,-6.010996,-6.0608527,11.196,8.504,8.473,23.04,12.663,86.5819986909628
20230208131852.2,87.0900023728609,-6.0020648,-6.0511238,11.204,8.52,8.477,22.998,12.675,87.0900023728609
20230208131852.7,87.5899996608496,-6.0016503,-6.0562151,11.21,8.51,8.48,22.967,12.65,87.5899996608496
20230208131853.2,88.094000145793,-6.0183865,-6.0645284,11.222,8.498,8.478,22.932,12.642,88.094000145793
20230208131853.7,88.6250071227551,-6.0088844,-6.056176,11.21,8.498,8.482,22.907,12.618,88.6250071227551
20230208131854.2,89.1290076076984,-6.0117546,-6.0515618,11.218,8.502,8.49,22.901,12.62,89.1290076076984
20230208131854.7,89.6600045263767,-6.009033,-6.0444215,11.208,8.526,8.477,22.876,12.622,89.6600045263767
20230208131855.2,90.167998149991,-6.0071795,-6.050068,11.208,8.514,8.48,22.868,12.601,90.167998149991
20230208131855.7,90.6529985368252,-6.0103078,-6.0382276,11.218,8.52,8.484,22.854,12.62,90.6529985368252
20230208131856.2,91.1600064486265,-6.0039965,-6.08634,11.233,8.526,8.484,22.851,12.607,91.1600064486265
20230208131856.7,91.6760064661503,-6.0135064,-6.0762514,11.229,8.514,8.492,22.841,12.61,91.6760064661503
20230208131857.3,92.192006483674,-6.016971,-6.0730295,11.235,8.508,8.496,22.845,12.609,92.192006483674
20230208131857.8,92.6960069686174,-6.0131389,-6.0578183,11.229,8.508,8.506,22.833,12.622,92.6960069686174
20230208131858.3,93.2069979608059,-6.0150549,-6.0544789,11.212,8.528,8.492,22.822,12.624,93.2069979608059
20230208131858.8,93.7390007078648,-6.0143198,-6.0764782,11.233,8.498,8.494,22.796,12.636,93.7390007078648
20230208131859.3,94.2540049552917,-6.0129825,-6.09646,11.214,8.526,8.496,22.823,12.622,94.2540049552917
20230208131859.8,94.7580054402351,-6.0127009,-6.0476202,11.228,8.512,8.49,22.822,12.614,94.7580054402351
20230208131900.3,95.2539995312691,-6.0111211,-6.0414888,11.235,8.538,8.477,22.831,12.607,95.2539995312691
20230208131900.8,95.7580000162125,-6.0131467,-6.1090434,11.196,8.464,8.425,22.755,12.571,95.7580000162125
20230208131901.3,96.2580073624849,-6.0155242,-6.0968197,11.17,8.545,8.468,22.761,12.544,96.2580073624849
20230208131901.8,96.7740073800087,-6.0096743,-6.0788557,11.172,8.502,8.468,22.759,12.528,96.7740073800087
20230208131902.3,97.2740046679974,-6.0092833,-6.1021143,11.206,8.496,8.474,22.765,12.544,97.2740046679974
20230208131902.9,97.7889988571405,-6.0079851,-6.0441321,11.153,8.498,8.448,22.771,12.532,97.7889988571405
20230208131903.4,98.3049988746643,-6.007946,-6.0615097,11.145,8.533,8.464,22.736,12.547,98.3049988746643
20230208131903.9,98.8130025565624,-6.0088297,-6.0725524,11.145,8.541,8.474,22.761,12.52,98.8130025565624
20230208131904.4,99.3319999426603,-6.0108005,-6.0818588,11.17,8.521,8.484,22.757,12.522,99.3319999426603
20230208131904.9,99.8320072889328,-6.009948,-6.0272082,11.215,8.537,8.48,22.748,12.538,99.8320072889328
20230208131905.4,100.340000912547,-6.0093693,-6.103874,11.207,8.535,8.502,22.744,12.565,100.340000912547
20230208131905.9,100.839998200536,-6.0109335,-6.0645675,11.184,8.551,8.502,22.751,12.563,100.839998200536
20230208131906.4,101.352005079389,-6.0122239,-6.0652401,11.202,8.531,8.514,22.751,12.542,101.352005079389
20230208131906.9,101.835999637842,-6.0101592,-6.0640748,11.219,8.543,8.502,22.736,12.553,101.835999637842
20230208131907.4,102.34400331974,-6.0125054,-6.0609231,11.243,8.539,8.549,22.748,12.551,102.34400331974
20230208131907.9,102.836004272103,-6.0119189,-6.0477218,11.196,8.533,8.5,22.717,12.547,102.836004272103
20230208131908.4,103.336001560092,-6.0131702,-6.0626436,11.206,8.545,8.49,22.724,12.563,103.336001560092
20230208131908.9,103.835998848081,-6.0129434,-6.0571926,11.235,8.551,8.496,22.701,12.559,103.835998848081
20230208131909.4,104.36800159514,-6.0130763,-6.0594763,11.237,8.549,8.5,22.707,12.563,104.36800159514
20230208131909.9,104.874999448657,-6.0128652,-6.0653731,11.247,8.551,8.516,22.707,12.567,104.874999448657
20230208131910.4,105.3789999336,-6.014007,-6.0510769,11.254,8.545,8.517,22.703,12.559,105.3789999336
20230208131910.9,105.879007279873,-6.0135221,-6.0616348,11.239,8.529,8.508,22.713,12.569,105.879007279873
20230208131911.5,106.383007764816,-6.0139209,-6.0741478,11.231,8.527,8.527,22.713,12.573,106.383007764816
20230208131912,106.886998191476,-6.0138662,-6.0727088,11.235,8.547,8.529,22.697,12.575,106.886998191476
20230208131912.5,107.387005537748,-6.0135534,-6.0651619,11.258,8.539,8.502,22.709,12.559,107.387005537748
20230208131913,107.887002825737,-6.0128417,-6.0790043,11.247,8.535,8.508,22.711,12.545,107.887002825737
20230208131913.5,108.387000113726,-6.0139288,-6.0326358,11.243,8.537,8.506,22.724,12.532,108.387000113726
20230208131914,108.899006992579,-6.0145622,-6.057396,11.266,8.537,8.517,22.726,12.555,108.899006992579
20230208131914.5,109.383001551032,-6.0127948,-6.0424585,11.272,8.512,8.5,22.738,12.547,109.383001551032
20230208131915,109.882998839021,-6.0103156,-6.0776982,11.299,8.551,8.498,22.709,12.551,109.882998839021
20230208131915.5,110.398998856544,-6.0111524,-6.0540409,11.296,8.537,8.516,22.711,12.557,110.398998856544
20230208131916,110.907002538443,-6.0119736,-6.0751723,11.29,8.539,8.525,22.695,12.592,110.907002538443
20230208131916.5,111.42200678587,-6.009166,-6.0654434,11.288,8.545,8.516,22.68,12.632,111.42200678587
20230208131917,111.934003606439,-6.0119892,-6.0597735,11.299,8.549,8.5,22.67,12.643,111.934003606439
20230208131917.5,112.417998164892,-6.0111368,-6.069299,11.303,8.545,8.523,22.672,12.716,112.417998164892
20230208131918,112.918005511165,-6.0049506,-6.0552062,11.299,8.533,8.539,22.659,12.782,112.918005511165
20230208131918.5,113.434005528688,-6.0090487,-6.0617443,11.36,8.529,8.488,22.645,12.759,113.434005528688
20230208131919,113.950005546212,-6.0108631,-6.0626593,11.474,8.517,8.506,22.666,12.759,113.950005546212
20230208131919.5,114.450002834201,-6.0129043,-6.0958421,11.487,8.551,8.478,22.645,12.776,114.450002834201
20230208131920,114.961003884673,-6.0108865,-6.0592886,11.44,8.537,8.494,22.649,12.8,114.961003884673
20230208131920.5,115.461001172662,-6.0120205,-6.059969,11.466,8.543,8.519,22.666,12.804,115.461001172662
20230208131921.1,115.98100438714,-6.0121222,-6.0555268,11.481,8.541,8.525,22.666,12.829,115.98100438714
20230208131921.6,116.485004872084,-6.00908,-6.0546822,11.483,8.555,8.531,22.674,12.849,116.485004872084
20230208131922.1,116.985002160072,-6.0089157,-6.073663,11.464,8.539,8.549,22.678,12.827,116.985002160072
20230208131922.6,117.484999448061,-6.011301,-6.0543146,11.46,8.533,8.519,22.699,12.804,117.484999448061
20230208131923.1,117.996000498533,-6.0104016,-6.0596249,11.444,8.537,8.527,22.695,12.81,117.996000498533
20230208131923.6,118.485004082322,-6.0128026,-6.0614236,11.425,8.537,8.525,22.682,12.79,118.485004082322
20230208131924.1,118.985001370311,-6.0136941,-6.0460013,11.444,8.537,8.506,22.691,12.786,118.985001370311
20230208131924.6,119.484998658299,-6.0162671,-6.0581155,11.466,8.547,8.504,22.639,12.798,119.484998658299
20230208131925.1,120.000002905726,-6.0149846,-6.0538845,11.438,8.553,8.516,22.682,12.802,120.000002905726
20230208131925.6,120.511999726295,-6.0124037,-6.0568407,11.444,8.543,8.517,22.664,12.81,120.511999726295
20230208131926.1,121.004000678658,-6.0142259,-6.0641061,11.444,8.541,8.521,22.651,12.78,121.004000678658
20230208131926.6,121.504008024931,-6.0102061,-6.0629721,11.452,8.525,8.541,22.653,12.772,121.504008024931
20230208131927.1,122.00400531292,-6.0109647,-6.0738428,11.462,8.533,8.514,22.653,12.749,122.00400531292
20230208131927.6,122.504002600908,-6.0124898,-6.0710509,11.456,8.543,8.525,22.649,12.745,122.504002600908
20230208131928.1,123.015999421477,-6.013483,-6.0723804,11.466,8.559,8.537,22.655,12.761,123.015999421477
20230208131928.6,123.519999906421,-6.0117155,-6.0610091,11.456,8.535,8.527,22.643,12.78,123.519999906421
20230208131929.1,124.028003588319,-6.0120049,-6.0571457,11.444,8.535,8.521,22.645,12.757,124.028003588319
20230208131929.6,124.543007835746,-6.0107692,-6.0504982,11.423,8.551,8.512,22.657,12.727,124.543007835746
20230208131930.1,125.05900785327,-6.0128104,-6.0531963,11.413,8.543,8.521,22.647,12.72,125.05900785327
20230208131930.6,125.559005141258,-6.0119658,-6.0529069,11.401,8.541,8.525,22.647,12.694,125.559005141258
20230208131931.1,126.071001961827,-6.0102296,-6.0493876,11.432,8.557,8.523,22.626,12.7,126.071001961827
20230208131931.7,126.586006209254,-6.0125914,-6.0565748,11.409,8.543,8.508,22.628,12.673,126.586006209254
20230208131932.2,127.093999832869,-6.0127713,-6.0596796,11.399,8.537,8.519,22.624,12.69,127.093999832869
20230208131932.7,127.602003514767,-6.0139131,-6.0619711,11.413,8.551,8.523,22.624,12.671,127.602003514767
20230208131933.2,128.102000802755,-6.014484,-6.0756023,11.382,8.555,8.508,22.612,12.686,128.102000802755
20230208131933.7,128.618000820279,-6.0132484,-6.0903911,11.385,8.555,8.525,22.601,12.694,128.618000820279
20230208131934.2,129.118008166552,-6.0158214,-6.0724195,11.378,8.541,8.523,22.637,12.667,129.118008166552
20230208131934.7,129.61800545454,-6.0158292,-6.0610561,11.378,8.553,8.537,22.608,12.645,129.61800545454
20230208131935.2,130.129006505013,-6.0200054,-6.0691348,11.36,8.545,8.541,22.616,12.643,130.129006505013
20230208131935.7,130.629003793001,-6.0187854,-6.0757352,11.344,8.553,8.539,22.608,12.661,130.629003793001
20230208131936.2,131.14100061357,-6.0187854,-6.0747735,11.341,8.543,8.525,22.624,12.702,131.14100061357
20230208131936.7,131.625005230308,-6.0179799,-6.0791138,11.354,8.559,8.525,22.612,12.727,131.625005230308
20230208131937.2,132.125002518296,-6.0148047,-6.0734127,11.36,8.547,8.547,22.618,12.768,132.125002518296
20230208131937.7,132.624999806285,-6.0165487,-6.0609231,11.382,8.545,8.533,22.631,12.749,132.624999806285
20230208131938.2,133.125007152557,-6.0144136,-6.0650133,11.378,8.557,8.533,22.628,12.747,133.125007152557
20230208131938.7,133.625004440546,-6.0140461,-6.0595936,11.378,8.539,8.533,22.631,12.751,133.625004440546
20230208131939.2,134.129004925489,-6.0139679,-6.0602271,11.384,8.553,8.527,22.639,12.755,134.129004925489
20230208131939.7,134.629002213478,-6.0139522,-6.0590696,11.411,8.551,8.531,22.639,12.739,134.629002213478
20230208131940.2,135.128999501467,-6.0131467,-6.0528209,11.385,8.573,8.537,22.659,12.702,135.128999501467
20230208131940.7,135.63299998641,-6.0127557,-6.0320571,11.38,8.561,8.543,22.639,12.708,135.63299998641
20230208131941.2,136.141003668308,-6.0135299,-6.0373047,11.38,8.555,8.531,22.639,12.706,136.141003668308
20230208131941.7,136.668007448316,-6.013569,-6.0607354,11.364,8.559,8.539,22.653,12.702,136.668007448316
20230208131942.2,137.168004736304,-6.0119501,-6.0648725,11.372,8.575,8.555,22.659,12.708,137.168004736304
20230208131942.8,137.684004753828,-6.0127713,-6.0779328,11.378,8.549,8.539,22.668,12.708,137.684004753828
20230208131943.2,138.167999312282,-6.0136159,-6.0689862,11.362,8.551,8.541,22.655,12.702,138.167999312282
20230208131943.8,138.70000205934,-6.0133579,-6.0493329,11.35,8.559,8.549,22.668,12.688,138.70000205934
20230208131944.3,139.199999347329,-6.0131936,-6.051116,11.37,8.596,8.555,22.655,12.698,139.199999347329
20230208131944.8,139.700006693602,-6.0138427,-6.0589601,11.337,8.575,8.537,22.653,12.716,139.700006693602
20230208131945.3,140.20000398159,-6.0134126,-6.0407145,11.348,8.579,8.529,22.647,12.692,140.20000398159
20230208131945.8,140.692004933953,-6.0140304,-6.032886,11.35,8.594,8.561,22.628,12.696,140.692004933953
20230208131946.3,141.192002221942,-6.0144449,-6.100996,11.329,8.579,8.549,22.624,12.712,141.192002221942
20230208131946.8,141.67999997735,-6.0149846,-6.0579356,11.323,8.565,8.545,22.612,12.722,141.67999997735
20230208131947.2,142.176004126668,-6.0129668,-6.0296874,11.288,8.59,8.553,22.577,12.7,142.176004126668
20230208131947.8,142.692004144192,-6.0126227,-6.0252453,11.305,8.571,8.555,22.533,12.706,142.692004144192
20230208131948.3,143.206998333335,-6.0127244,-6.0454304,11.29,8.587,8.567,22.51,12.716,143.206998333335
20230208131948.8,143.707005679607,-6.0129668,-6.0549403,11.299,8.575,8.547,22.465,12.7,143.707005679607
20230208131949.3,144.207002967596,-6.013045,-6.0635039,11.329,8.585,8.555,22.432,12.702,144.207002967596
20230208131949.8,144.727006182075,-6.0135847,-6.0608136,11.317,8.577,8.563,22.38,12.724,144.727006182075
20230208131950.3,145.242000371218,-6.0129903,-6.0645832,11.329,8.573,8.555,22.357,12.724,145.242000371218
20230208131950.8,145.731003955007,-6.0106519,-6.0603131,11.342,8.575,8.545,22.326,12.749,145.731003955007
20230208131951.3,146.239007636905,-6.0117312,-6.0676801,11.341,8.59,8.547,22.351,12.767,146.239007636905
20230208131951.8,146.739004924893,-6.0136629,-6.0629643,11.344,8.575,8.551,22.326,12.79,146.739004924893
20230208131952.3,147.239002212882,-6.0128808,-6.0590852,11.341,8.583,8.551,22.312,12.802,147.239002212882
20230208131952.8,147.738999500871,-6.0115826,-6.0589288,11.364,8.565,8.563,22.31,12.817,147.738999500871
20230208131953.3,148.239006847143,-6.0115669,-6.0606416,11.36,8.598,8.555,22.297,12.806,148.239006847143
20230208131953.8,148.750007897615,-6.0128417,-6.067641,11.352,8.592,8.553,22.31,12.835,148.750007897615
20230208131954.3,149.25800152123,-6.0110742,-6.0669841,11.38,8.598,8.565,22.32,12.89,149.25800152123
20230208131954.8,149.750002473593,-6.013569,-6.0607041,11.393,8.59,8.557,22.308,12.97,149.750002473593
20230208131955.3,150.254002958536,-6.0128417,-6.0647161,11.387,8.583,8.594,22.295,12.968,150.254002958536
20230208131955.8,150.754000246525,-6.0134204,-6.0660613,11.368,8.612,8.587,22.318,12.978,150.754000246525
20230208131956.3,151.262003928423,-6.0101905,-6.0606885,11.323,8.548,8.504,22.259,12.961,151.262003928423
20230208131956.8,151.762001216412,-6.0113088,-6.0625029,11.31,8.555,8.538,22.237,12.963,151.762001216412
20230208131957.3,152.2619985044,-6.0118094,-6.0621979,11.306,8.532,8.518,22.247,12.941,152.2619985044
20230208131957.8,152.765998989344,-6.0121613,-6.0620962,11.323,8.542,8.522,22.237,12.935,152.765998989344
20230208131958.3,153.266006335616,-6.0140226,-6.0638089,11.335,8.518,8.518,22.243,12.914,153.266006335616
20230208131958.8,153.77000682056,-6.0113323,-6.0579356,11.331,8.528,8.504,22.239,12.908,153.77000682056
20230208131959.3,154.270004108548,-6.0103625,-6.0655451,11.329,8.534,8.492,22.22,12.882,154.270004108548
20230208131959.8,154.770001396537,-6.0069762,-6.0682432,11.31,8.534,8.506,22.237,12.863,154.770001396537
20230208132000.3,155.27400188148,-6.0005867,-6.0512802,11.312,8.528,8.518,22.216,12.898,155.27400188148
20230208132000.8,155.773999169469,-6.0162515,-6.0532823,11.302,8.542,8.49,22.253,12.873,155.773999169469
20230208132001.3,156.274006515741,-6.0150237,-6.0523673,11.329,8.538,8.518,22.228,12.888,156.274006515741
20230208132001.8,156.770000606775,-6.0125758,-6.0720441,11.3,8.544,8.528,22.224,12.855,156.770000606775
20230208132002.3,157.274001091719,-6.0128495,-6.0668746,11.294,8.602,8.567,22.281,12.907,157.274001091719
20230208132002.8,157.773998379707,-6.0117155,-6.0721848,11.368,8.592,8.573,22.281,12.917,157.773998379707
20230208132003.4,158.282002061605,-6.0138036,-6.0642625,11.38,8.608,8.606,22.291,12.911,158.282002061605
20230208132003.9,158.781999349594,-6.0150158,-6.0562776,11.362,8.606,8.565,22.314,12.896,158.781999349594
20230208132004.4,159.282006695867,-6.0172134,-6.0419424,11.35,8.636,8.494,22.233,12.836,159.282006695867
20230208132004.9,159.79700088501,-6.0126305,-6.3862304,11.282,8.555,8.524,22.233,12.816,159.79700088501
20230208132005.4,160.301001369953,-6.009776,-5.9146926,11.28,8.561,8.508,22.245,12.814,160.301001369953
20230208132005.9,160.800998657942,-6.0094397,-5.8505087,11.267,8.546,8.518,22.206,12.789,160.800998657942
20230208132006.4,161.316998675466,-6.0109335,-6.0490435,11.29,8.557,8.534,22.193,12.902,161.316998675466
20230208132006.9,161.817006021738,-6.0112306,-6.0425915,11.265,8.546,8.544,22.187,12.982,161.817006021738
20230208132007.4,162.324999645352,-6.0111681,-6.0607119,11.265,8.554,8.536,22.183,12.976,162.324999645352
20230208132007.9,162.80900426209,-6.0086029,-6.1103573,11.257,8.536,8.528,22.16,12.974,162.80900426209
20230208132008.4,163.301005214453,-6.0077113,-6.0171509,11.267,8.555,8.52,22.17,12.982,163.301005214453
20230208132008.9,163.801002502441,-6.0163532,-6.0601645,11.255,8.55,8.532,22.16,12.986,163.801002502441
20230208132009.4,164.297006651759,-6.0107067,-6.108496,11.257,8.557,8.53,22.15,12.969,164.297006651759
20230208132009.9,164.797003939748,-6.0136159,-6.1099193,11.235,8.569,8.528,22.164,12.967,164.797003939748
20230208132010.4,165.297001227736,-6.0126305,-6.0449142,11.255,8.536,8.522,22.15,12.939,165.297001227736
20230208132010.9,165.80100171268,-6.014007,-6.0420675,11.253,8.554,8.518,22.166,12.924,165.80100171268
20230208132011.4,166.300999000669,-6.0146561,-6.0543068,11.222,8.536,8.53,22.131,12.906,166.300999000669
20230208132011.9,166.792999953032,-6.013178,-6.0635743,11.239,8.53,8.506,22.144,12.931,166.792999953032
20230208132012.4,167.289004102349,-6.0131389,-6.03664,11.235,8.552,8.518,22.144,12.931,167.289004102349
20230208132012.9,167.789001390338,-6.013045,-6.0579043,11.228,8.561,8.524,22.117,12.89,167.789001390338
20230208132013.4,168.293001875281,-6.0135221,-6.0651384,11.247,8.554,8.524,22.123,12.9,168.293001875281
20230208132013.9,168.789006024599,-6.013483,-6.0613845,11.241,8.542,8.528,22.096,12.9,168.789006024599
20230208132014.4,169.289003312588,-6.0137724,-6.0519137,11.241,8.548,8.538,22.098,12.922,169.289003312588
20230208132014.9,169.789000600576,-6.0120831,-6.0584596,11.231,8.532,8.51,22.08,12.986,169.789000600576
20230208132015.4,170.297004282475,-6.0121378,-6.0617677,11.235,8.569,8.542,22.07,12.974,170.297004282475
20230208132015.9,170.782004669309,-6.0134986,-6.0557536,11.23,8.544,8.542,22.072,13.027,170.782004669309
20230208132016.4,171.284999325871,-6.0131623,-6.056129,11.226,8.552,8.528,22.051,13.014,171.284999325871
20230208132016.9,171.785006672144,-6.0141243,-6.054823,11.216,8.55,8.528,22.043,13.021,171.785006672144
20230208132017.4,172.285003960133,-6.013178,-6.0549403,11.22,8.552,8.514,22.047,13.006,172.285003960133
20230208132017.9,172.785001248121,-6.0097447,-6.0530477,11.224,8.569,8.532,22.031,12.994,172.785001248121
20230208132018.4,173.297008126974,-6.0103938,-6.0550576,11.241,8.557,8.555,22.023,12.972,173.297008126974
20230208132018.9,173.785005882382,-6.0120753,-6.052336,11.247,8.552,8.536,22.01,12.969,173.785005882382
20230208132019.4,174.285003170371,-6.0098777,-6.0531806,11.241,8.555,8.54,21.98,12.941,174.285003170371
20230208132019.9,174.78500045836,-6.0104642,-6.0540722,11.233,8.565,8.52,21.951,12.931,174.78500045836
20230208132020.4,175.289000943303,-6.0127557,-6.0576541,11.231,8.546,8.528,21.967,12.904,175.289000943303
20230208132020.9,175.788998231292,-6.0098698,-6.0564653,11.249,8.565,8.534,21.937,12.92,175.788998231292
20230208132021.4,176.289005577564,-6.0118485,-6.0565122,11.231,8.565,8.544,21.937,12.906,176.289005577564
20230208132021.9,176.793006062508,-6.0039183,-6.060055,11.233,8.557,8.538,21.896,12.892,176.793006062508
20230208132022.4,177.293003350496,-6.0132875,-6.059883,11.235,8.565,8.526,21.892,12.859,177.293003350496
20230208132022.9,177.79700383544,-6.0132797,-6.056043,11.218,8.569,8.528,21.887,12.863,177.79700383544
20230208132023.4,178.301004320383,-6.0074454,-6.0573725,11.241,8.573,8.534,21.873,12.839,178.301004320383
20230208132023.9,178.801001608372,-6.0114027,-6.0602818,11.239,8.565,8.53,21.865,12.822,178.801001608372
20230208132024.4,179.30099889636,-6.0130294,-6.0598282,11.231,8.555,8.534,21.855,12.814,179.30099889636
20230208132024.9,179.792999848723,-6.0032692,-6.0571457,11.239,8.561,8.53,21.836,12.777,179.792999848723
20230208132025.4,180.297000333667,-5.9844683,-6.0556989,11.235,8.569,8.532,21.82,12.798,180.297000333667
20230208132025.9,180.797007679939,-6.0261837,-6.0553939,11.245,8.557,8.53,21.822,12.783,180.797007679939
20230208132026.4,181.301008164883,-6.0253469,-6.0554252,11.235,8.571,8.548,21.814,12.798,181.301008164883
20230208132026.9,181.801005452871,-6.01597,-6.0531181,11.231,8.571,8.54,21.785,12.822,181.801005452871
20230208132027.4,182.30100274086,-6.003058,-6.0544476,11.235,8.581,8.526,21.765,12.812,182.30100274086
20230208132027.9,182.817002758384,-6.0081415,-6.0577714,11.247,8.557,8.546,21.752,12.83,182.817002758384
20230208132028.4,183.317000046372,-6.0086107,-6.0568173,11.218,8.554,8.55,21.759,12.857,183.317000046372
20230208132028.9,183.836007490754,-6.0087984,-6.06158,11.235,8.575,8.552,21.744,12.873,183.836007490754
20230208132029.4,184.336004778743,-6.0087124,-6.0621197,11.239,8.575,8.532,21.728,12.906,184.336004778743
20230208132029.9,184.836002066731,-6.0142025,-6.0513897,11.231,8.565,8.555,21.689,12.927,184.836002066731
20230208132030.4,185.33599935472,-6.0133657,-6.0602114,11.228,8.561,8.55,21.693,12.924,185.33599935472
20230208132030.9,185.839999839664,-6.014789,-6.0538376,11.235,8.581,8.538,21.679,12.967,185.839999839664
20230208132031.4,186.340007185936,-6.0140617,-6.0597578,11.241,8.555,8.554,21.675,12.959,186.340007185936
20230208132031.9,186.840004473925,-6.0135612,-6.0562855,11.233,8.579,8.538,21.652,12.953,186.840004473925
20230208132032.4,187.344004958868,-6.013264,-6.0594763,11.247,8.571,8.555,21.65,12.937,187.344004958868
20230208132032.9,187.844002246857,-6.0135377,-6.0624247,11.233,8.573,8.542,21.634,12.937,187.844002246857
20230208132033.4,188.343999534845,-6.0128261,-6.0590618,11.241,8.575,8.54,21.634,12.89,188.343999534845
20230208132033.9,188.844006881118,-6.0145935,-6.0727636,11.239,8.561,8.561,21.63,12.898,188.844006881118
20230208132034.4,189.344004169106,-6.0089001,-6.0582875,11.235,8.571,8.554,21.613,12.888,189.344004169106
20230208132034.9,189.864007383585,-6.0099089,-6.2852266,11.239,8.569,8.567,21.628,12.882,189.864007383585
20230208132035.4,190.374998375773,-6.0110899,-5.9514184,11.251,8.561,8.546,21.642,12.886,190.374998375773
20230208132035.9,190.875005722046,-6.0113245,-6.4879613,11.249,8.559,8.552,21.638,12.873,190.875005722046
20230208132036.4,191.379006206989,-6.0144527,-6.0433657,11.263,8.583,8.55,21.619,12.859,191.379006206989
20230208132037,191.886999830604,-6.0131389,-6.1257092,11.278,8.591,8.561,21.658,12.888,191.886999830604
20230208132037.5,192.387007176876,-6.0133109,-6.0734987,11.273,8.585,8.555,21.662,12.892,192.387007176876
20230208132038,192.891007661819,-6.015094,-6.0840799,11.286,8.593,8.557,21.658,12.929,192.891007661819
20230208132038.5,193.395008146763,-6.0144058,-6.1328182,11.286,8.583,8.548,21.683,12.931,193.395008146763
20230208132039,193.895005434752,-6.0122239,-6.0559804,11.273,8.587,8.555,21.681,12.937,193.895005434752
20230208132039.5,194.409999623895,-6.0122786,-6.0204903,11.273,8.573,8.571,21.66,12.925,194.409999623895
20230208132040,194.922006502748,-6.0122395,-6.2150442,11.263,8.583,8.548,21.691,12.91,194.922006502748
20230208132040.7,195.594000443816,-6.0138193,-6.160701,11.265,8.587,8.585,21.679,12.892,195.594000443816
20230208132041.3,196.242005378008,-6.0149767,-6.0915955,11.282,8.583,8.571,21.71,12.875,196.242005378008
20230208132041.8,196.766001731157,-6.0219215,-6.1044605,11.275,8.577,8.573,21.718,12.877,196.766001731157
20230208132042.3,197.250006347895,-6.0145935,-6.3499504,11.253,8.597,8.579,21.73,12.849,197.250006347895
20230208132042.8,197.750003635883,-6.0251983,-6.0489262,11.253,8.585,8.563,21.728,12.843,197.750003635883
20230208132043.3,198.266003653407,-6.0309856,-6.1176461,11.259,8.605,8.555,21.746,12.861,198.266003653407
20230208132043.8,198.74600507319,-6.0251749,-6.0464392,11.267,8.615,8.561,21.742,12.859,198.74600507319
20230208132044.3,199.246002361178,-6.0126462,-6.0986889,11.267,8.605,8.567,21.754,12.898,199.246002361178
20230208132044.8,199.750002846122,-6.0149142,-6.0602583,11.292,8.613,8.569,21.763,12.9,199.750002846122
20230208132045.3,200.25000013411,-6.0182223,-6.0736395,11.292,8.605,8.581,21.781,12.949,200.25000013411
20230208132045.8,200.750007480383,-6.0202166,-6.067774,11.302,8.601,8.569,21.759,12.914,200.750007480383
20230208132046.3,201.266007497907,-6.0149142,-6.0709961,11.292,8.601,8.583,21.802,12.933,201.266007497907
20230208132046.8,201.745998859406,-6.0159309,-6.0782378,11.304,8.605,8.595,21.799,12.947,201.745998859406
20230208132047.3,202.249999344349,-6.0077192,-6.0633866,11.306,8.615,8.575,21.791,12.939,202.249999344349
20230208132047.8,202.750006690621,-6.0074376,-6.0660456,11.308,8.593,8.595,21.804,12.931,202.750006690621
20230208132048.3,203.25000397861,-6.009776,-6.0591243,11.316,8.595,8.589,21.814,12.9,203.25000397861
20230208132048.8,203.750001266599,-6.010167,-6.062323,11.308,8.597,8.585,21.804,12.916,203.750001266599
20230208132049.3,204.261998087168,-6.0115982,-6.0653183,11.325,8.613,8.567,21.828,12.924,204.261998087168
20230208132049.8,204.746002703905,-6.0134439,-6.0659361,11.325,8.603,8.581,21.824,12.908,204.746002703905
20230208132050.3,205.245999991894,-6.0129434,-6.0616191,11.321,8.607,8.589,21.828,12.896,205.245999991894
