20230208132429.7,0,-6.0209126,-6.0510221,11.173,8.512,8.417,19.913,14.283,0
20230208132430.3,0.535000115633011,-6.0177296,-6.0535248,11.179,8.506,8.409,19.926,14.224,0.535000115633011
20230208132430.9,1.14399902522564,-6.0319788,-6.0511864,11.173,8.494,8.419,19.919,14.162,1.14399902522564
20230208132431.4,1.63999311625957,-6.0578027,-6.0519997,11.194,8.504,8.417,19.93,14.097,1.63999311625957
20230208132431.8,2.12499350309372,-6.0180972,-6.0507015,11.188,8.504,8.408,19.913,14.033,2.12499350309372
20230208132432.4,2.63999775052071,-5.9843589,-6.051726,11.169,8.528,8.417,19.911,14.021,2.63999775052071
20230208132432.9,3.13999503850937,-6.0514679,-6.0538219,11.173,8.526,8.408,19.942,13.984,3.13999503850937
20230208132433.5,3.81999537348747,-13.203929,-6.048457,11.202,8.538,8.429,19.942,13.972,3.81999537348747
20230208132434.2,4.45299334824085,-5.6466401,-6.0445388,11.192,8.516,8.429,19.946,13.943,4.45299334824085
20230208132434.7,4.93699796497822,-6.0445232,-6.0459309,11.202,8.526,8.431,19.948,13.89,4.93699796497822
20230208132435.2,5.43699525296688,-6.0112854,-6.0493485,11.186,8.528,8.435,19.962,13.909,5.43699525296688
20230208132435.7,5.93699254095554,-5.9963792,-6.0616582,11.204,8.528,8.423,19.946,13.886,5.93699254095554
20230208132436.2,6.43699988722801,-5.9632042,-6.0565748,11.204,8.508,8.429,19.954,13.89,6.43699988722801
20230208132436.7,6.9410003721714,-6.0269658,-6.0536655,11.194,8.524,8.447,19.942,13.829,6.9410003721714
20230208132437.2,7.44899399578571,-5.9996248,-6.0534544,11.226,8.538,8.431,19.977,13.816,7.44899399578571
20230208132437.7,7.94499814510345,-6.0262463,-6.0528991,11.218,8.548,8.441,19.973,13.816,7.94499814510345
20230208132438.2,8.44099223613739,-6.0108474,-6.0527271,11.239,8.518,8.431,19.966,13.8,8.44099223613739
20230208132438.7,8.94099958240986,-6.0275915,-6.0509205,11.235,8.508,8.435,19.971,13.753,8.94099958240986
20230208132439.2,9.44899320602417,-6.0121144,-6.0533449,11.253,8.565,8.431,19.971,13.735,9.44899320602417
20230208132439.7,9.94900055229664,-6.1098646,-6.0494033,11.233,8.51,8.437,19.993,13.677,9.94900055229664
20230208132440.2,10.4489978402853,-6.0088923,-6.0489419,11.218,8.538,8.461,19.995,13.649,10.4489978402853
20230208132440.7,10.9529983252287,-6.0513819,-6.0475732,11.2,8.542,8.437,19.987,13.544,10.9529983252287
20230208132441.2,11.4679925143719,-6.0143511,-6.0484022,11.233,8.553,8.433,19.995,13.491,11.4679925143719
20230208132441.7,11.9679998606443,-5.9997264,-6.0429512,11.202,8.555,8.463,19.954,13.442,11.9679998606443
20230208132442.2,12.4839998781681,-5.9865408,-6.0512177,11.212,8.546,8.453,19.966,13.436,12.4839998781681
20230208132442.7,12.9839971661568,-5.7009701,-6.0501932,11.216,8.54,8.482,19.997,13.36,12.9839971661568
20230208132443.2,13.4799912571907,-5.8026384,-6.0514288,11.224,8.561,8.401,19.895,13.326,13.4799912571907
20230208132443.7,13.9879949390888,-6.0130998,-6.0495831,11.157,8.494,8.423,19.949,13.291,13.9879949390888
20230208132444.2,14.4719995558262,-6.1187567,-6.042568,11.149,8.535,8.413,19.906,13.24,14.4719995558262
20230208132444.7,14.9760000407696,-6.0469945,-6.042873,11.155,8.519,8.433,19.922,13.199,14.9760000407696
20230208132445.2,15.4759973287582,-6.10579,-6.0493016,11.176,8.514,8.427,19.916,13.175,15.4759973287582
20230208132445.7,15.9759946167469,-6.0091816,-6.0467051,11.172,8.515,8.417,19.959,13.154,15.9759946167469
20230208132446.2,16.4799951016903,-5.9849845,-6.0442416,11.186,8.514,8.411,19.957,13.13,16.4799951016903
20230208132446.7,16.9879987835884,-5.7582564,-6.046666,11.166,8.541,8.431,19.901,13.05,16.9879987835884
20230208132447.2,17.471993342042,-5.998483,-6.0489966,11.168,8.529,8.415,19.873,13.048,17.471993342042
20230208132447.7,17.9799970239401,-6.0126618,-6.0462828,11.153,8.533,8.439,19.946,13.042,17.9799970239401
20230208132448.2,18.4880007058382,-5.963908,-6.0482536,11.186,8.519,8.419,19.938,13.003,18.4880007058382
20230208132448.7,18.9799915999174,-5.9255555,-6.0627297,11.188,8.525,8.435,19.932,12.988,18.9799915999174
20230208132449.2,19.4649919867516,-6.1101148,-6.0527271,11.192,8.529,8.423,19.944,12.976,19.4649919867516
20230208132449.7,19.9719998985529,-6.0135768,-6.0479173,11.153,8.519,8.433,19.955,12.945,19.9719998985529
20230208132450.2,20.4649966210127,-6.1468563,-6.0473386,11.159,8.514,8.413,19.967,12.923,20.4649966210127
20230208132450.7,20.9649939090014,-6.098595,-6.0523595,11.147,8.504,8.431,19.975,12.892,20.9649939090014
20230208132451.2,21.4799981564283,-6.0628235,-6.052336,11.164,8.502,8.427,19.975,12.9,21.4799981564283
20230208132451.7,21.9879917800426,-5.9823411,-6.0627922,11.168,8.49,8.427,19.969,12.87,21.9879917800426
20230208132452.2,22.4879991263151,-6.0165878,-6.0496848,11.155,8.502,8.441,19.959,12.845,22.4879991263151
20230208132452.7,22.9959927499294,-6.0489653,-6.0500758,11.17,8.504,8.423,19.965,12.851,22.9959927499294
20230208132453.2,23.4919968992472,-6.0736082,-6.0454538,11.155,8.508,8.431,19.998,12.835,23.4919968992472
20230208132453.7,23.9759914577007,-6.2781804,-6.0438741,11.168,8.502,8.417,20,12.81,23.9759914577007
20230208132454.2,24.4799919426441,-6.315344,-6.0489419,11.153,8.517,8.431,19.998,12.808,24.4799919426441
20230208132454.8,25.0269915908575,-5.9973255,-6.0483788,11.151,8.519,8.439,19.989,12.8,25.0269915908575
20230208132455.3,25.5429916083813,-5.6152323,-6.0476436,11.164,8.48,8.446,19.979,12.772,25.5429916083813
20230208132455.8,26.0499995201826,-6.8821999,-6.0503261,11.168,8.508,8.437,19.998,12.765,26.0499995201826
