20230207162602.9,0,-1.57e-07,3.14e-07,18.031,18.542,18.262,25,0
20230207162603.3,0.452994927763939,7.8e-08,-3.14e-07,18.011,18.534,18.264,24.961,0.452994927763939
20230207162603.8,0.913996249437332,1.568e-06,-1.57e-07,18.01,18.545,18.27,24.94,0.913996249437332
20230207162604.3,1.36700123548508,-7.05e-07,-3.14e-07,18.002,18.553,18.283,24.923,1.36700123548508
20230207162604.7,1.81999616324902,4.7e-07,3.14e-07,18.006,18.563,18.276,24.907,1.81999616324902
20230207162605.2,2.28099748492241,-2.35e-07,4.7e-07,17.984,18.551,18.283,24.88,2.28099748492241
20230207162605.6,2.74599194526672,-3.92e-07,-5.49e-07,17.996,18.54,18.297,24.882,2.74599194526672
20230207162606.1,3.20699326694012,1.333e-06,2.35e-07,17.965,18.577,18.293,24.859,3.20699326694012
20230207162606.5,3.64799872040749,-2.822e-06,-4.7e-07,17.976,18.565,18.307,24.855,3.64799872040749
20230207162607,4.10499684512615,-1.568e-06,2.35e-07,17.957,18.561,18.313,24.841,4.10499684512615
20230207162607.4,4.55100126564503,1.254e-06,0,17.949,18.589,18.326,24.82,4.55100126564503
20230207162607.9,5.00399619340897,7.84e-07,7.84e-07,17.914,18.589,18.311,24.797,5.00399619340897
20230207162608.3,5.45700117945671,-5.49e-07,6.27e-07,17.902,18.579,18.309,24.781,5.45700117945671
20230207162608.8,5.90999610722065,-2.116e-06,1.57e-07,17.876,18.6,18.319,24.778,5.90999610722065
20230207162609.3,6.37099742889404,-7.84e-07,-5.49e-07,17.867,18.608,18.319,24.735,6.37099742889404
20230207162609.7,6.82399235665798,1.254e-06,-3.14e-07,17.863,18.606,18.328,24.727,6.82399235665798
20230207162610.2,7.28100053966045,-9.41e-07,7.8e-08,17.837,18.6,18.336,24.696,7.28100053966045
20230207162610.6,7.73399546742439,1.57e-07,0,17.828,18.616,18.326,24.673,7.73399546742439
20230207162611.1,8.19499678909779,5.49e-07,-6.27e-07,17.826,18.624,18.322,24.665,8.19499678909779
20230207162611.5,8.64799171686172,1.96e-06,7.8e-08,17.82,18.624,18.322,24.662,8.64799171686172
20230207162612,9.11699943244457,-4.7e-07,2.35e-07,17.81,18.618,18.332,24.662,9.11699943244457
20230207162612.5,9.56999436020851,9.41e-07,8.62e-07,17.816,18.612,18.348,24.679,9.56999436020851
20230207162612.9,10.0229993462563,-7.05e-07,1.57e-07,18.023,18.632,18.364,24.685,10.0229993462563
20230207162613.4,10.4799974709749,1.097e-06,0,18.225,18.622,18.348,24.704,10.4799974709749
20230207162613.8,10.9329923987389,1.176e-06,-7.8e-08,18.338,18.637,18.342,24.704,10.9329923987389
20230207162614.3,11.3859973847866,-1.411e-06,2.35e-07,18.444,18.643,18.354,24.714,11.3859973847866
20230207162614.7,11.8279986083508,2.35e-07,6.27e-07,18.5,18.633,18.342,24.714,11.8279986083508
20230207162615.2,12.2889999300241,1.176e-06,0,18.442,18.616,18.373,24.708,12.2889999300241
20230207162615.6,12.725992128253,-5.49e-07,1.57e-07,18.401,25.621,19.637,24.708,12.725992128253
20230207162616.1,13.1789971143007,1.176e-06,-2.35e-07,18.358,20.734,19.799,24.72,13.1789971143007
20230207162616.5,13.6329978704453,3.92e-07,3.92e-07,18.311,17.984,19.838,24.712,13.6329978704453
20230207162617,14.0819996595383,3.92e-07,7.05e-07,18.283,17.27,19.86,24.731,14.0819996595383
20230207162617.4,14.5430009812117,3.14e-07,-7.8e-08,18.254,16.979,20.572,24.716,14.5430009812117
20230207162617.9,14.9919927120209,-1.881e-06,7.8e-08,18.225,16.73,20.687,24.727,14.9919927120209
20230207162618.3,15.4329981654882,-1.176e-06,-6.27e-07,18.211,16.249,19.795,24.733,15.4329981654882
20230207162618.8,15.9099921584129,1.646e-06,1.57e-07,18.346,15.869,19.05,24.762,15.9099921584129
20230207162619.2,16.3629971444607,8.62e-07,2.35e-07,18.366,15.56,18.855,24.793,16.3629971444607
20230207162619.7,16.8039925396442,-3.606e-06,1.57e-07,18.377,15.386,18.377,24.809,16.8039925396442
20230207162620.2,17.2649938613176,7.84e-07,3.92e-07,18.369,15.212,18.047,24.834,17.2649938613176
20230207162620.6,17.7029918879271,2.352e-06,3.92e-07,18.371,15.046,17.994,24.807,17.7029918879271
20230207162621,18.1559968739748,2.35e-07,-4.7e-07,18.336,14.929,17.947,24.811,18.1559968739748
20230207162621.5,18.6009954661131,2.195e-06,2.35e-07,18.277,14.801,17.477,24.803,18.6009954661131
20230207162621.9,19.0540004521608,6.27e-07,-5.49e-07,18.221,14.702,17.096,24.778,19.0540004521608
20230207162622.4,19.5039980113506,0,3.14e-07,18.17,14.633,17.211,24.801,19.5039980113506
20230207162622.8,19.9609961360693,1.411e-06,-1.57e-07,18.082,14.5,16.975,24.774,19.9609961360693
20230207162623.3,20.3979983925819,-6.27e-07,-7.05e-07,18.027,14.398,16.769,24.752,20.3979983925819
20230207162623.7,20.8429969847202,-1.57e-07,1.57e-07,17.947,14.263,16.386,24.737,20.8429969847202
20230207162624.2,21.3039983063936,1.411e-06,-7.8e-08,17.851,14.228,16.208,24.729,21.3039983063936
20230207162624.6,21.7499926686287,-1.097e-06,2.35e-07,17.79,14.228,16.513,24.694,21.7499926686287
20230207162625.1,22.1950013190508,-1.019e-06,-2.35e-07,17.708,14.111,15.961,24.687,22.1950013190508
20230207162625.6,22.6639989763498,1.57e-07,7.8e-08,17.607,14.052,16.364,24.673,22.6639989763498
20230207162626,23.1089975684881,1.254e-06,-1.57e-07,17.54,13.939,16.049,24.669,23.1089975684881
20230207162626.4,23.5619924962521,-3.92e-07,1.57e-07,17.501,13.9,16.003,24.687,23.5619924962521
20230207162626.9,24.0229938179255,6.27e-07,4.7e-07,17.407,13.859,15.766,24.663,24.0229938179255
20230207162627.3,24.4610019028187,1.489e-06,5.49e-07,17.313,13.818,15.437,24.656,24.4610019028187
20230207162627.8,24.9139968305826,3.14e-07,0,17.198,13.755,15.738,24.633,24.9139968305826
20230207162628.3,25.374998152256,1.097e-06,-4.7e-07,17.1,13.718,15.281,24.631,25.374998152256
20230207162628.7,25.8079972118139,-1.176e-06,-3.14e-07,17.049,13.669,15.504,24.604,25.8079972118139
20230207162629.1,26.2609921395779,1.803e-06,3.92e-07,17.022,13.6,15.267,24.605,26.2609921395779
20230207162629.6,26.7219934612513,-4.7e-07,-3.14e-07,16.945,13.555,15.155,24.582,26.7219934612513
20230207162630.1,27.1829947829247,9.41e-07,2.35e-07,16.896,13.524,15.064,24.567,27.1829947829247
20230207162630.5,27.6359997689724,-1.097e-06,3.14e-07,16.818,13.508,14.813,24.555,27.6359997689724
20230207162631,28.0900005251169,1.881e-06,3.14e-07,16.754,13.44,14.954,24.545,28.0900005251169
20230207162631.4,28.5429954528809,-1.019e-06,7.8e-08,16.685,13.424,14.929,24.514,28.5429954528809
20230207162631.9,28.9960004389286,1.411e-06,4.7e-07,16.615,13.397,15.107,24.518,28.9960004389286
20230207162632.3,29.4489953666925,1.57e-07,2.35e-07,16.56,13.344,14.931,24.487,29.4489953666925
20230207162632.8,29.9020003527403,-2.038e-06,-7.8e-08,16.493,13.328,14.647,24.464,29.9020003527403
20230207162633.2,30.3549952805042,2.273e-06,-7.8e-08,16.429,13.285,14.762,24.412,30.3549952805042
20230207162633.7,30.8159966021776,-1.411e-06,3.14e-07,16.396,13.266,14.479,24.387,30.8159966021776
20230207162634.1,31.253994628787,1.724e-06,1.57e-07,16.331,13.238,14.397,24.358,31.253994628787
20230207162634.6,31.7149959504604,9.41e-07,1.57e-07,16.261,13.205,14.477,24.333,31.7149959504604
20230207162635.1,32.175001502037,-5.49e-07,-3.14e-07,16.222,13.176,14.561,24.315,32.175001502037
20230207162635.5,32.6129995286465,-7.8e-08,4.7e-07,16.173,13.137,14.414,24.304,32.6129995286465
20230207162636,33.0659944564104,1.176e-06,1.019e-06,16.122,13.16,14.236,24.298,33.0659944564104
20230207162636.4,33.5389953106642,5.49e-07,7.8e-08,16.085,13.123,14.042,24.273,33.5389953106642
20230207162636.9,33.9920002967119,4.7e-07,-1.57e-07,16.032,13.086,14.123,24.271,33.9920002967119
20230207162637.3,34.4530016183853,1.254e-06,-4.7e-07,15.989,13.066,14.146,24.22,34.4530016183853
20230207162637.8,34.8939970135689,-6.27e-07,3.14e-07,15.936,13.035,14.123,24.246,34.8939970135689
20230207162638.2,35.3469919413328,1.881e-06,-3.14e-07,15.883,13.015,13.949,24.205,35.3469919413328
20230207162638.7,35.8009926974773,-5.49e-07,7.8e-08,15.848,12.996,14.085,24.193,35.8009926974773
20230207162639.1,36.260998249054,8.62e-07,-2.35e-07,15.83,12.97,13.947,24.16,36.260998249054
20230207162639.6,36.6989962756634,-1.803e-06,-3.92e-07,15.801,12.957,13.884,24.16,36.6989962756634
20230207162640.1,37.1719971299171,2.116e-06,7.05e-07,15.789,12.922,13.907,24.147,37.1719971299171
20230207162640.5,37.6089993864298,3.214e-06,2.35e-07,15.742,12.896,13.956,24.131,37.6089993864298
20230207162640.9,38.0469974130392,8.62e-07,0,15.733,12.89,13.749,24.133,38.0469974130392
20230207162641.4,38.5079987347126,-4.7e-07,7.8e-08,15.686,12.879,13.771,24.128,38.5079987347126
20230207162641.8,38.9609936624765,9.41e-07,3.14e-07,15.688,12.849,13.729,24.089,38.9609936624765
20230207162642.3,39.4139986485243,1.568e-06,-1.57e-07,15.641,12.845,13.859,24.075,39.4139986485243
20230207162642.8,39.8669935762882,5.49e-07,7.8e-08,15.613,12.82,13.773,24.077,39.8669935762882
20230207162643.2,40.3240017592907,3.92e-07,3.14e-07,15.586,12.791,13.571,24.048,40.3240017592907
20230207162643.7,40.7769966870546,1.019e-06,0,15.555,12.791,13.46,24.035,40.7769966870546
20230207162644.1,41.2420012056828,-4.311e-06,7.8e-08,15.541,12.767,13.581,24.019,41.2420012056828
20230207162644.6,41.6789934039116,-2.9e-06,-7.8e-08,15.5,12.779,13.461,24.011,41.6789934039116
20230207162645,42.1360015869141,2.038e-06,-3.14e-07,15.474,12.759,13.495,23.998,42.1360015869141
20230207162645.5,42.5899922847748,2.43e-06,0,15.431,12.738,13.413,23.998,42.5899922847748
20230207162645.9,43.0470004677773,2.587e-06,1.489e-06,15.408,12.706,13.336,23.973,43.0470004677773
20230207162646.4,43.4999953955412,8.62e-07,0,15.394,12.712,13.415,23.951,43.4999953955412
20230207162646.8,43.9530003815889,1.646e-06,8.62e-07,15.378,12.704,13.51,23.93,43.9530003815889
20230207162647.3,44.4059953093529,1.96e-06,1.57e-07,15.357,12.683,13.373,23.903,44.4059953093529
20230207162647.7,44.8590002954006,2.35e-07,3.92e-07,15.355,12.677,13.379,23.884,44.8590002954006
20230207162648.2,45.3119952231646,1.254e-06,5.49e-07,15.314,12.679,13.203,23.907,45.3119952231646
20230207162648.7,45.772996544838,-1.411e-06,7.8e-08,15.322,12.667,13.184,23.878,45.772996544838
20230207162649.1,46.2260015308857,8.62e-07,-2.35e-07,15.271,12.64,13.299,23.882,46.2260015308857
20230207162649.6,46.6789964586496,2.352e-06,-3.14e-07,15.253,12.656,13.18,23.853,46.6789964586496
20230207162650,47.1289940178394,2.587e-06,0,15.222,12.642,13.282,23.849,47.1289940178394
20230207162650.5,47.5859921425581,7.8e-08,6.27e-07,15.21,12.636,13.176,23.839,47.5859921425581
20230207162650.9,48.0389971286058,4.076e-06,7.8e-08,15.177,12.618,13.117,23.826,48.0389971286058
20230207162651.4,48.4959952533245,-1.333e-06,6.27e-07,15.187,12.622,13.174,23.82,48.4959952533245
20230207162651.8,48.9490002393723,-3.214e-06,-3.14e-07,15.181,12.607,13.16,23.812,48.9490002393723
20230207162652.3,49.4019951671362,1.57e-07,-3.92e-07,15.161,12.599,13.162,23.787,49.4019951671362
20230207162652.7,49.8550001531839,7.84e-07,-7.05e-07,15.13,12.601,13.121,23.764,49.8550001531839
20230207162653.2,50.3199946135283,3.92e-07,5.49e-07,15.111,12.593,13.174,23.708,50.3199946135283
20230207162653.7,50.772999599576,4.468e-06,9.41e-07,15.087,12.585,13.113,23.688,50.772999599576
20230207162654.1,51.2460004538298,2.587e-06,-1.57e-07,15.083,12.585,13.141,23.648,51.2460004538298
20230207162654.6,51.7149981111288,-3.92e-07,-5.49e-07,15.066,12.56,12.967,23.661,51.7149981111288
20230207162655.1,52.1909963339567,2.743e-06,3.14e-07,15.064,12.556,13.037,23.683,52.1909963339567
20230207162655.5,52.6289943605661,2.979e-06,2.35e-07,15.067,12.554,12.986,23.702,52.6289943605661
20230207162656,53.0819993466139,1.333e-06,3.92e-07,15.048,12.562,12.965,23.708,53.0819993466139
20230207162656.4,53.5349942743778,-1.57e-07,5.49e-07,15.03,12.552,13.047,23.714,53.5349942743778
20230207162656.9,53.9919923990965,-2.822e-06,-1.097e-06,15.03,12.546,12.994,23.719,53.9919923990965
20230207162657.3,54.4449973851442,-9.41e-07,1.57e-07,15.038,12.542,12.892,23.752,54.4449973851442
20230207162657.8,54.8979923129082,-7.8e-08,-7.8e-08,15.071,12.528,12.896,23.801,54.8979923129082
20230207162658.2,55.3550004959106,0,3.92e-07,15.064,12.523,12.99,23.81,55.3550004959106
20230207162658.7,55.8079954236746,-1.254e-06,6.27e-07,15.165,12.521,12.969,23.816,55.8079954236746
20230207162659.2,56.2849994748831,-2.822e-06,-7.84e-07,19.529,12.493,12.906,23.804,56.2849994748831
20230207162659.6,56.737994402647,-1.019e-06,-2.35e-07,22.684,12.55,12.9,23.841,56.737994402647
20230207162700.1,57.1829929947853,6.27e-07,-4.7e-07,23.58,12.571,12.888,23.82,57.1829929947853
20230207162700.5,57.6400011777878,1.96e-06,4.7e-07,23.129,12.634,12.914,23.87,57.6400011777878
20230207162701,58.0929961055517,-1.097e-06,1.57e-07,23.849,12.652,13.004,23.897,58.0929961055517
20230207162701.4,58.5469968616962,1.019e-06,3.92e-07,26.13,12.746,12.965,23.922,58.5469968616962
20230207162701.9,59.0039949864149,2.116e-06,-3.92e-07,28.02,12.689,12.957,23.959,59.0039949864149
20230207162702.3,59.4609931111336,-2.35e-07,3.92e-07,31.482,12.755,13.053,23.984,59.4609931111336
20230207162702.8,59.918001294136,-7.84e-07,7.84e-07,33.823,12.773,13.231,24.046,59.918001294136
20230207162703.3,60.3709962219,-2.352e-06,0,36.698,12.857,13.282,24.118,60.3709962219
20230207162703.7,60.8240012079477,5.49e-07,-7.8e-08,39.073,12.888,13.383,24.207,60.8240012079477
20230207162704.2,61.2769961357117,-1.176e-06,-1.57e-07,41.578,13.076,13.497,24.34,61.2769961357117
20230207162704.6,61.7300011217594,-4.7e-07,-7.05e-07,41.433,13.174,13.643,24.441,61.7300011217594
20230207162705.1,62.1869992464781,1.881e-06,1.57e-07,41.442,13.201,13.831,24.627,62.1869992464781
20230207162705.5,62.6360010355711,1.57e-07,-1.57e-07,40.23,13.293,13.739,24.793,62.6360010355711
20230207162706,63.0900017917156,3.449e-06,0,37.841,13.309,13.874,25.045,63.0900017917156
20230207162706.4,63.5469999164343,-1.176e-06,1.57e-07,35.868,13.409,14.058,25.306,63.5469999164343
20230207162706.9,63.9999948441982,4.7e-07,0,34.31,13.469,14.095,25.513,63.9999948441982
20230207162707.3,64.452999830246,1.646e-06,1.57e-07,33.217,13.559,14.199,25.759,64.452999830246
20230207162707.8,64.902001619339,-1.097e-06,-6.27e-07,33.71,13.616,14.316,26.045,64.902001619339
20230207162708.3,65.374992415309,2.587e-06,3.92e-07,34.006,13.684,14.406,26.314,65.374992415309
20230207162708.7,65.823994204402,-7.05e-07,2.35e-07,33.736,13.763,14.498,26.532,65.823994204402
20230207162709.2,66.2849955260754,2.038e-06,3.92e-07,36.855,13.816,14.711,26.712,66.2849955260754
20230207162709.6,66.7539931833744,6.27e-07,-2.35e-07,38.417,13.843,14.766,27.01,66.7539931833744
20230207162710.1,67.2149945050478,-5.49e-07,4.7e-07,39.253,13.935,14.886,27.21,67.2149945050478
20230207162710.6,67.6719926297665,7.84e-07,-1.57e-07,40.037,13.947,14.925,27.428,67.6719926297665
20230207162711,68.1249976158142,1.646e-06,6.27e-07,39.909,13.968,14.983,27.707,68.1249976158142
20230207162711.5,68.5779925435781,2.35e-07,2.35e-07,39.524,13.996,14.972,27.889,68.5779925435781
20230207162711.9,69.0230011940002,7.05e-07,7.05e-07,39.241,14.015,15.06,28.14,69.0230011940002
20230207162712.4,69.4759961217642,-2.35e-07,-7.05e-07,38.214,14.029,15.212,28.378,69.4759961217642
20230207162712.8,69.9290011078119,1.96e-06,3.14e-07,37.532,14.048,15.114,28.581,69.9290011078119
20230207162713.3,70.3859992325306,4.7e-07,1.57e-07,35.801,14.07,15.142,28.858,70.3859992325306
20230207162713.7,70.8280004560947,2.195e-06,7.8e-08,34.231,14.101,15.275,29.121,70.8280004560947
20230207162714.2,71.2809953838587,-1.176e-06,0,34.124,14.115,15.289,29.363,71.2809953838587
20230207162714.6,71.7379935085773,1.881e-06,1.57e-07,35.495,14.175,15.275,29.595,71.7379935085773
20230207162715.1,72.1950016915798,9.41e-07,3.92e-07,35.438,14.193,15.357,29.804,72.1950016915798
20230207162715.5,72.6479966193438,3.14e-07,2.35e-07,35.329,14.269,15.584,30.077,72.6479966193438
20230207162716,73.1049947440624,-1.57e-07,3.14e-07,36.767,14.31,15.547,30.359,73.1049947440624
20230207162716.4,73.5579997301102,1.881e-06,8.62e-07,37.744,14.355,15.412,30.607,73.5579997301102
20230207162716.9,74.0109946578741,-3.14e-07,-3.14e-07,37.352,14.35,15.69,30.849,74.0109946578741
20230207162717.4,74.4649954140186,1.333e-06,3.14e-07,38.321,14.379,15.553,31.102,74.4649954140186
20230207162717.8,74.9219935387373,1.176e-06,-1.57e-07,38.962,14.385,15.607,31.398,74.9219935387373
20230207162718.3,75.374998524785,-6.27e-07,-5.49e-07,38.748,14.402,15.519,31.714,75.374998524785
20230207162718.7,75.8359998464584,3.92e-07,4.7e-07,38.042,14.432,15.623,32.054,75.8359998464584
20230207162719.2,76.3039916753769,1.019e-06,3.14e-07,36.392,14.41,15.576,32.391,76.3039916753769
20230207162719.6,76.7579924315214,-1.254e-06,-7.8e-08,35.304,14.428,15.617,32.7,76.7579924315214
20230207162720.1,77.2150006145239,1.568e-06,-7.8e-08,34.606,14.447,15.684,33.014,77.2150006145239
20230207162720.6,77.6679955422878,1.176e-06,7.8e-08,34.26,14.442,15.551,33.323,77.6679955422878
20230207162721,78.1129941344261,-1.333e-06,6.27e-07,34.184,14.488,15.549,33.619,78.1129941344261
20230207162721.5,78.5699922591448,1.646e-06,1.57e-07,33.995,14.516,15.648,33.954,78.5699922591448
20230207162721.9,79.0229972451925,-7.8e-08,-2.35e-07,33.614,14.512,15.439,34.27,79.0229972451925
20230207162722.4,79.4759921729565,1.254e-06,3.14e-07,33.49,14.516,15.783,34.595,79.4759921729565
20230207162722.8,79.9330003559589,-7.05e-07,0,33.085,14.537,15.958,34.943,79.9330003559589
20230207162723.3,80.3859952837229,-1.57e-07,3.92e-07,32.563,14.578,15.909,35.263,80.3859952837229
20230207162723.7,80.8399960398674,1.333e-06,-7.8e-08,33.161,14.567,15.903,35.568,80.8399960398674
20230207162724.2,81.2889978289604,7.05e-07,-3.14e-07,35.283,14.602,15.944,36.025,81.2889978289604
20230207162724.6,81.7579954862595,1.097e-06,0,38.384,14.641,15.934,36.594,81.7579954862595
20230207162725.1,82.2149936109781,7.8e-08,1.57e-07,41.408,14.678,16.092,37.138,82.2149936109781
20230207162725.6,82.6719917356968,9.41e-07,-7.8e-08,43.047,14.694,16.081,37.663,82.6719917356968
20230207162726,83.1289999186993,1.489e-06,5.49e-07,45.368,14.715,16.112,38.178,83.1289999186993
20230207162726.5,83.5859980434179,9.41e-07,-3.14e-07,48.565,14.696,16.355,38.601,83.5859980434179
20230207162726.9,84.0389929711819,-9.41e-07,1.57e-07,50.875,14.698,16.224,39.109,84.0389929711819
20230207162727.4,84.4919979572296,-7.8e-08,-2.35e-07,52.868,14.737,16.38,39.576,84.4919979572296
20230207162727.8,84.9449928849936,1.803e-06,9.41e-07,54.651,14.618,16.517,40.062,84.9449928849936
20230207162728.3,85.402001067996,-7.84e-07,-2.35e-07,56.984,14.653,16.628,40.578,85.402001067996
20230207162728.7,85.8589991927147,1.333e-06,0,58.38,14.543,16.85,41.062,85.8589991927147
20230207162729.2,86.3279968500137,2.979e-06,2.35e-07,60.761,14.539,16.654,41.568,86.3279968500137
20230207162729.7,86.7849949747324,4.154e-06,3.92e-07,64.213,14.463,16.828,42.02,86.7849949747324
20230207162730.1,87.2299935668707,-1.57e-07,-3.92e-07,66.854,14.551,17.174,42.414,87.2299935668707
20230207162730.6,87.6990012824535,-1.489e-06,3.14e-07,68.724,14.565,17.067,42.811,87.6990012824535
20230207162731,88.1519962102175,1.254e-06,4.7e-07,70.457,14.508,17.294,43.307,88.1519962102175
20230207162731.5,88.6129975318909,5.49e-07,7.05e-07,73.409,14.686,17.227,43.706,88.6129975318909
20230207162732,89.0659924596548,-5.49e-07,-3.14e-07,75.261,14.528,16.965,44.032,89.0659924596548
20230207162732.4,89.5189974457026,3.92e-07,3.14e-07,76.323,14.604,17.249,44.292,89.5189974457026
20230207162732.9,89.9719923734665,1.097e-06,-2.35e-07,77.156,14.79,16.99,44.485,89.9719923734665
20230207162733.3,90.4219999909401,-3.92e-07,0,78.563,14.665,17.636,44.626,90.4219999909401
20230207162733.8,90.8789981156588,6.27e-07,-6.27e-07,79.322,14.633,17.264,44.783,90.8789981156588
20230207162734.2,91.347000002861,-3.92e-07,6.27e-07,78.838,14.805,17.869,45.078,91.347000002861
20230207162734.7,91.8010007590055,1.724e-06,8.62e-07,78.388,14.606,17.691,45.332,91.8010007590055
20230207162735.1,92.2579988837242,4.7e-07,3.14e-07,76.975,14.51,17.62,45.588,92.2579988837242
20230207162735.6,92.7149970084429,-6.27e-07,6.27e-07,75.483,14.471,17.585,45.904,92.7149970084429
20230207162736.1,93.1679919362068,-2.35e-07,2.35e-07,74.466,14.428,17.755,46.171,93.1679919362068
20230207162736.5,93.6329964548349,5.49e-07,0,72.898,14.51,17.669,46.487,93.6329964548349
20230207162737,94.0740019083023,3.92e-07,7.8e-08,72.155,14.363,17.62,46.764,94.0740019083023
20230207162737.4,94.5429995656013,2.038e-06,0,71.529,14.338,17.947,47.084,94.5429995656013
20230207162737.9,94.9959944933653,-2.35e-07,-1.57e-07,70.988,14.32,17.8,47.491,94.9959944933653
20230207162738.3,95.448999479413,-4.7e-07,2.35e-07,71.286,14.355,17.869,47.89,95.448999479413
20230207162738.8,95.901994407177,1.489e-06,3.14e-07,71.354,14.279,17.996,48.279,95.901994407177
20230207162739.2,96.3589925318956,1.489e-06,3.92e-07,69.827,14.172,18.011,48.65,96.3589925318956
20230207162739.7,96.8160007148981,2.35e-07,3.14e-07,67.885,14.132,18.238,49.061,96.8160007148981
20230207162740.1,97.2609993070364,-7.05e-07,3.92e-07,65.576,14.183,18.534,49.453,97.2609993070364
20230207162740.6,97.7150000631809,-3.14e-07,0,62.955,14.119,18.262,49.806,97.7150000631809
20230207162741.1,98.1679949909449,1.489e-06,1.57e-07,61.126,14.099,17.37,50.077,98.1679949909449
20230207162741.5,98.6209999769926,-3.92e-07,1.57e-07,59.178,14.082,17.777,50.384,98.6209999769926
20230207162742,99.0739949047565,7.8e-08,5.49e-07,58.405,14.052,17.479,50.696,99.0739949047565
20230207162742.4,99.5269998908043,1.646e-06,2.35e-07,57.404,14.072,17.978,51.028,99.5269998908043
20230207162742.9,99.9799948185682,-1.57e-07,-2.35e-07,57.11,14.181,18.127,51.377,99.9799948185682
20230207162743.3,100.432999804616,6.27e-07,-1.57e-07,55.816,14.125,18.193,51.697,100.432999804616
20230207162743.8,100.88599473238,1.097e-06,1.57e-07,54.014,14.05,17.7,52.118,100.88599473238
20230207162744.2,101.342992857099,-8.62e-07,-7.8e-08,51.68,14.013,17.634,52.451,101.342992857099
20230207162744.7,101.796993613243,-5.49e-07,7.8e-08,57.084,14.001,18.162,52.682,101.796993613243
20230207162745.1,102.254001796246,1.803e-06,3.14e-07,64.65,14.046,17.792,52.79,102.254001796246
20230207162745.6,102.699000388384,0,7.05e-07,62.876,14.085,17.458,52.811,102.699000388384
20230207162746,103.151995316148,2.35e-07,4.7e-07,60.053,14.035,17.307,52.843,103.151995316148
20230207162746.5,103.605000302196,-6.27e-07,7.05e-07,60.498,14.023,17.137,52.847,103.605000302196
20230207162746.9,104.057995229959,7.05e-07,5.49e-07,66.241,14.025,17.497,52.773,104.057995229959
20230207162747.4,104.514993354678,1.019e-06,6.27e-07,69.301,14.003,17.677,52.694,104.514993354678
20230207162747.9,104.967998340726,2.35e-07,2.35e-07,68.466,13.947,17.583,52.641,104.967998340726
20230207162748.3,105.42199909687,-2.35e-07,7.05e-07,69.043,13.929,17.548,52.529,105.42199909687
20230207162748.8,105.878997221589,1.96e-06,3.92e-07,72.342,13.888,17.18,52.407,105.878997221589
20230207162749.2,106.331992149353,3.92e-07,-3.92e-07,77.282,13.864,17.403,52.258,106.331992149353
20230207162749.7,106.784997135401,5.252e-06,-8.62e-07,80.549,13.778,17.704,52.178,106.784997135401
20230207162750.1,107.245998457074,4.366e-05,4.625e-06,81.257,13.733,17.558,52.112,107.245998457074
20230207162750.6,107.683000713587,4.9931e-05,2.273e-06,81.182,13.767,17.434,52.057,107.683000713587
20230207162751.1,108.168001100421,-2.1869e-05,2.43e-06,81.385,13.733,17.276,51.991,108.168001100421
20230207162751.5,108.62499922514,-4.413e-05,-3.919e-06,80.799,13.724,17.546,51.922,108.62499922514
20230207162752,109.077994152904,4.0289e-05,-8.857e-06,79.418,13.69,17.372,51.856,109.077994152904
20230207162752.4,109.526995941997,1.1836e-05,5.879e-06,78.049,13.716,17.311,51.794,109.526995941997
20230207162752.9,109.983994066715,-1.3169e-05,-2.038e-06,74.626,13.596,17.657,51.75,109.983994066715
20230207162753.3,110.436999052763,-4.938e-06,-2.038e-06,71.377,13.522,17.724,51.706,110.436999052763
20230207162753.8,110.889993980527,-7.8e-08,-2.352e-06,70.455,13.618,17.788,51.659,110.889993980527
20230207162754.3,111.374994367361,4.233e-06,-1.333e-06,71.984,13.42,17.876,51.562,111.374994367361
20230207162754.7,111.827999353409,9.563e-06,-2.352e-06,70.864,13.362,17.567,51.54,111.827999353409
20230207162755.2,112.280994281173,-1.57e-07,0,65.947,13.344,17.652,51.511,112.280994281173
20230207162755.6,112.73399926722,-3.684e-06,-3.92e-07,61.222,13.34,17.562,51.477,112.73399926722
20230207162756.1,113.186994194984,2.9e-06,-7.84e-07,56.913,13.262,16.949,51.373,113.186994194984
20230207162756.5,113.632998615503,-2.743e-06,-3.92e-07,53.048,13.242,16.875,51.182,113.632998615503
20230207162757,114.092994108796,1.176e-06,-7.5484e-05,49.531,13.174,16.951,50.954,114.092994108796
20230207162757.7,114.812000468373,-5.8060795,6.0167548,46.365,13.047,17.071,50.691,114.812000468373
20230207162758.2,115.280998125672,-6.0232432,6.07322,42.048,12.949,16.294,50.242,115.280998125672
20230207162758.6,115.733993053436,-6.0279356,6.079062,39.735,12.884,16.445,49.95,115.733993053436
20230207162759.1,116.186998039484,-6.0350993,6.0853891,37.707,12.785,15.989,49.698,116.186998039484
20230207162759.5,116.635999828577,-6.0347786,6.0825346,35.879,12.661,16.212,49.478,116.635999828577
20230207162760,117.104997485876,-6.0356937,6.0878995,34.194,12.609,16.527,49.211,117.104997485876
20230207162800.5,117.565998807549,-6.0343094,6.1047765,32.7,12.544,16.136,48.959,117.565998807549
20230207162800.9,118.008000031114,-6.0362802,6.1037129,31.422,12.489,14.958,48.699,118.008000031114
20230207162801.3,118.460994958878,-6.0358422,6.0954934,30.222,12.38,15.267,48.449,118.460994958878
20230207162801.8,118.913999944925,-6.0390018,6.0870705,29.164,12.358,15.236,48.163,118.913999944925
20230207162802.3,119.382997602224,-6.0377348,6.0848104,28.171,12.3,15.333,47.896,119.382997602224
20230207162802.7,119.839995726943,-6.0386499,6.0949225,27.287,12.239,14.684,47.634,119.839995726943
20230207162803.2,120.293000712991,-6.0377348,6.0901675,26.496,12.217,15.14,47.367,120.293000712991
20230207162803.6,120.749998837709,-6.0394632,6.0845288,25.759,12.198,14.79,47.12,120.749998837709
20230207162804.1,121.211000159383,-6.0385169,6.0892447,25.095,12.133,14.416,46.866,121.211000159383
20230207162804.5,121.647992357612,-6.040081,6.0888302,24.495,12.102,14.463,46.644,121.647992357612
20230207162805,122.105000540614,-6.0395962,6.0893698,23.967,12.077,14.31,46.409,122.105000540614
20230207162805.4,122.557995468378,-6.0398855,6.0895732,23.466,12.037,14.334,46.189,122.557995468378
20230207162805.9,123.011000454426,-6.0402062,6.0909965,23.102,12.03,13.933,45.961,123.011000454426
20230207162806.4,123.479998111725,-6.0400732,6.091935,23.251,11.992,14.095,45.755,123.479998111725
20230207162806.8,123.932993039489,-6.0404173,6.0878135,23.516,11.959,14.22,45.577,123.932993039489
20230207162807.3,124.385998025537,-6.0406129,6.0869454,23.772,11.947,13.714,45.355,124.385998025537
20230207162807.7,124.842996150255,-6.0410899,6.0895028,24.008,11.949,13.808,45.171,124.842996150255
20230207162808.2,125.2969969064,-6.0415592,6.0906133,24.199,11.9,13.659,44.97,125.2969969064
20230207162808.6,125.749991834164,-6.0408709,6.0907228,24.321,11.875,13.596,44.774,125.749991834164
20230207162809.1,126.217993721366,-6.04152,6.0895966,24.383,11.873,13.514,44.578,126.217993721366
20230207162809.6,126.67199447751,-6.0407067,6.0903083,24.35,11.836,13.796,44.36,126.67199447751
20230207162810,127.124999463558,-6.0416217,6.0896826,24.284,11.82,13.387,44.184,127.124999463558
20230207162810.5,127.577994391322,-6.0414888,6.0898,24.234,11.836,13.495,43.976,127.577994391322
20230207162810.9,128.026996180415,-6.0420988,6.0906993,24.128,11.807,13.524,43.798,128.026996180415
20230207162811.4,128.480001166463,-6.0415122,6.0866326,23.982,11.805,13.534,43.601,128.480001166463
20230207162811.8,128.952991962433,-6.0420988,6.088924,23.803,11.779,13.137,43.397,128.952991962433
20230207162812.3,129.405996948481,-6.0414418,6.0905038,23.741,11.775,12.957,43.205,129.405996948481
20230207162812.7,129.858991876245,-6.0423803,6.0899407,23.712,11.758,12.927,43.02,129.858991876245
20230207162813.2,130.319993197918,-6.0408318,6.0896592,23.64,11.754,12.927,42.798,130.319993197918
20230207162813.7,130.772998183966,-6.0423803,6.1148573,23.551,11.738,13.152,42.592,130.772998183966
20230207162814.1,131.210996210575,-6.0421222,6.1032828,23.462,11.705,12.904,42.423,131.210996210575
20230207162814.6,131.667994335294,-6.0442964,6.0891352,23.348,11.701,12.845,42.242,131.667994335294
20230207162815,132.120999321342,-6.045446,6.0977223,23.249,11.703,12.824,42.073,132.120999321342
20230207162815.5,132.57799744606,-6.0510378,6.0858662,23.118,11.672,12.683,41.88,132.57799744606
20230207162815.9,133.030992373824,-6.0415279,6.0878761,22.972,11.672,12.613,41.718,133.030992373824
20230207162816.4,133.507996425033,-6.0533292,6.090973,22.872,11.648,12.861,41.524,133.507996425033
20230207162816.8,133.956998214126,-6.0530868,6.0903005,22.849,11.652,12.554,41.366,133.956998214126
20230207162817.3,134.394000470638,-6.0524142,6.0922791,22.8,11.646,12.665,41.211,134.394000470638
20230207162817.7,134.846995398402,-6.0487698,6.095556,22.748,11.638,12.794,41.108,134.846995398402
20230207162818.2,135.300996154547,-6.0563637,6.0911842,22.624,11.633,12.632,41.065,135.300996154547
20230207162818.6,135.757994279265,-6.0397213,6.0927171,22.553,11.633,12.742,40.979,135.757994279265
20230207162819.1,136.210999265313,-6.0223047,6.0962989,22.408,11.591,12.634,40.918,136.210999265313
20230207162819.6,136.667997390032,-6.0399403,6.0916534,22.293,11.578,12.483,40.855,136.667997390032
20230207162820,137.120992317796,-6.0472526,6.0949303,22.135,11.55,12.352,40.825,137.120992317796
20230207162820.5,137.578000500798,-6.0413871,6.0938902,22.027,11.595,12.652,40.8,137.578000500798
20230207162820.9,138.026992231607,-6.0455164,6.0928969,21.949,11.552,12.501,40.779,138.026992231607
20230207162821.4,138.499993085861,-6.0419893,6.0905664,21.818,11.548,12.542,40.717,138.499993085861
20230207162821.8,138.952998071909,-6.0429903,6.092631,21.707,11.548,12.569,40.696,138.952998071909
20230207162822.3,139.405992999673,-6.040957,6.0901206,21.609,11.533,12.415,40.66,139.405992999673
20230207162822.7,139.854994788766,-6.0471509,6.0931081,21.503,11.531,12.489,40.637,139.854994788766
20230207162823.2,140.307999774814,-6.0418016,6.090668,21.396,11.541,12.341,40.641,140.307999774814
20230207162823.6,140.760994702578,-6.0424429,6.0909809,21.276,11.519,12.307,40.652,140.760994702578
20230207162824.1,141.217992827296,-6.0407849,6.0909887,21.169,11.523,12.327,40.584,141.217992827296
20230207162824.6,141.671993583441,-6.0527114,6.0901753,21.069,11.517,12.427,40.507,141.671993583441
20230207162825,142.124998569489,-6.0431076,6.0898234,20.989,11.505,12.391,40.429,142.124998569489
20230207162825.5,142.577993497252,-6.0464236,6.0898938,20.875,11.507,12.112,40.32,142.577993497252
20230207162825.9,143.042998015881,-6.0436316,6.090363,20.797,11.488,12.014,40.232,143.042998015881
20230207162826.4,143.510999903083,-6.0434518,6.0913719,20.699,11.474,12.135,40.123,143.510999903083
20230207162826.9,143.965000659227,-6.0445936,6.0917629,20.631,11.48,12.176,40,143.965000659227
20230207162827.3,144.417995586991,-6.0499116,6.0929048,20.543,11.46,12.104,39.887,144.417995586991
20230207162827.8,144.871000573039,-6.0430764,6.0923182,20.464,11.453,12.094,39.773,144.871000573039
20230207162828.2,145.327998697758,-6.0455086,6.0895732,20.41,11.451,12.384,39.677,145.327998697758
20230207162828.7,145.780993625522,-6.0435612,6.0858896,20.339,11.443,12.114,39.58,145.780993625522
20230207162829.1,146.229995414615,-6.0432093,6.091802,20.281,11.445,11.973,39.486,146.229995414615
20230207162829.6,146.686993539333,-6.0446092,6.0894558,20.22,11.425,11.977,39.375,146.686993539333
20230207162830,147.139998525381,-6.0456415,6.0883531,20.128,11.415,12.028,39.256,147.139998525381
20230207162830.5,147.592993453145,-6.0461264,6.0901753,20.077,11.411,12.09,39.147,147.592993453145
20230207162830.9,148.050997406244,-6.0451958,6.0893229,20.015,11.39,12.08,39.038,148.050997406244
20230207162831.4,148.503992334008,-6.0505294,6.0906602,19.966,11.406,12.253,38.905,148.503992334008
20230207162831.9,148.96800108254,-6.0428652,6.0901128,19.899,11.351,11.951,38.832,148.96800108254
20230207162832.3,149.424999207258,-6.0409179,6.0859756,19.856,11.376,12.018,38.78,149.424999207258
20230207162832.8,149.878999963403,-6.0431937,6.0895575,19.799,11.366,11.9,38.725,149.878999963403
20230207162833.2,150.331994891167,-6.0430764,6.0872582,19.737,11.368,11.826,38.681,150.331994891167
20230207162833.7,150.784999877214,-6.0445075,6.0977692,19.678,11.363,11.857,38.618,150.784999877214
20230207162834.1,151.253997534513,-6.0416139,6.0895106,19.635,11.355,11.812,38.514,151.253997534513
20230207162834.6,151.706992462277,-6.043311,6.1080221,19.52,11.357,11.992,38.428,151.706992462277
20230207162835,152.159997448325,-6.0438271,6.088666,19.471,11.353,11.826,38.293,152.159997448325
20230207162835.5,152.616995573044,-6.049239,6.0846618,19.385,11.349,11.971,38.178,152.616995573044
20230207162836,153.070000559092,-6.0451958,6.0895106,19.314,11.345,11.883,38.048,153.070000559092
20230207162836.4,153.538998216391,-6.0474637,6.0941248,19.226,11.349,11.846,37.941,153.538998216391
20230207162836.9,153.991993144155,-6.0450081,6.0912468,19.156,11.335,11.934,37.83,153.991993144155
20230207162837.3,154.444998130202,-6.0481129,6.088971,19.044,11.321,11.767,37.74,154.444998130202
20230207162837.9,155.042993277311,-6.0481911,6.0796798,18.954,11.312,11.846,37.633,155.042993277311
20230207162838.4,155.495998263359,-6.0453678,6.0861477,18.894,11.316,11.803,37.545,155.495998263359
20230207162838.8,155.948993191123,-6.0474403,6.090496,18.798,11.32,11.764,37.478,155.948993191123
