20230208125549.2,0,2.587e-06,1.57e-07,14.626,15.183,15.129,18.254,14.833,0
20230208125550,0.859007611870766,-7.76e-06,7.76e-06,14.63,15.201,15.134,18.243,14.927,0.859007611870766
20230208125551.8,2.62500084936619,-3.8251e-05,6.898e-06,14.57,15.151,15.082,18.183,14.867,2.62500084936619
20230208125552.4,3.2190028578043,-3.0727e-05,6.898e-06,14.585,15.141,15.104,18.157,14.863,3.2190028578043
20230208125552.9,3.76899987459183,-3.9741e-05,8.152e-06,14.575,15.139,15.098,18.149,14.883,3.76899987459183
20230208125553.5,4.31599952280521,-2.767e-05,6.506e-06,14.57,15.135,15.092,18.139,14.865,4.31599952280521
20230208125554,4.82400320470333,-3.6449e-05,6.036e-06,14.575,15.143,15.082,18.132,14.859,4.82400320470333
20230208125554.5,5.3080078214407,-3.9819e-05,7.525e-06,14.583,15.137,15.088,18.126,14.865,5.3080078214407
20230208125555,5.81199824810028,-3.6762e-05,6.819e-06,14.589,15.139,15.1,18.136,14.865,5.81199824810028
20230208125555.5,6.31200559437275,-4.1544e-05,6.036e-06,14.589,15.139,15.092,18.118,14.798,6.31200559437275
20230208125556,6.81999921798706,-3.5116e-05,9.72e-06,14.573,15.143,15.086,18.122,14.771,6.81999921798706
20230208125556.5,7.30499960482121,-4.9931e-05,7.838e-06,14.577,15.141,15.09,18.116,14.769,7.30499960482121
20230208125557,7.82000385224819,-4.3268e-05,9.171e-06,14.579,15.188,15.121,18.143,14.783,7.82000385224819
20230208125557.5,8.31200480461121,-3.2765e-05,5.722e-06,14.615,15.256,15.207,18.085,14.802,8.31200480461121
20230208125558,8.80799889564514,-3.4959e-05,6.663e-06,14.583,15.24,15.221,18.124,14.781,8.80799889564514
20230208125558.5,9.30800624191761,-3.6841e-05,6.741e-06,14.589,15.223,15.162,18.116,14.775,9.30800624191761
20230208125559,9.82000306248665,-3.1824e-05,6.663e-06,14.589,15.252,15.174,18.087,14.781,9.82000306248665
20230208125559.5,10.3050034493208,-3.3235e-05,6.506e-06,14.599,15.229,15.184,18.108,14.802,10.3050034493208
20230208125560,10.8080081641674,-3.2686e-05,6.584e-06,14.591,15.231,15.199,18.116,14.789,10.8080081641674
20230208125600.5,11.3080054521561,-3.057e-05,7.603e-06,14.597,15.221,15.182,18.104,14.806,11.3080054521561
20230208125601,11.8200022727251,-3.8408e-05,7.055e-06,14.616,15.242,15.201,18.118,14.81,11.8200022727251
20230208125601.5,12.3199995607138,-3.5273e-05,6.036e-06,14.605,15.207,15.19,18.096,14.814,12.3199995607138
20230208125602,12.8049999475479,-3.927e-05,5.409e-06,14.595,15.239,15.18,18.093,14.8,12.8049999475479
20230208125602.5,13.3050072938204,-3.8879e-05,7.917e-06,14.585,15.213,15.19,18.079,14.818,13.3050072938204
20230208125603,13.8120051473379,-2.861e-05,5.879e-06,14.585,15.211,15.176,18.077,14.818,13.8120051473379
20230208125603.5,14.2970055341721,-3.6919e-05,6.192e-06,14.603,15.213,15.176,18.079,14.841,14.2970055341721
20230208125604,14.8010060191154,-4.0289e-05,6.976e-06,14.613,15.209,15.17,18.057,14.845,14.8010060191154
20230208125604.5,15.3160002082586,-3.2686e-05,5.017e-06,14.595,15.203,15.182,18.061,14.812,15.3160002082586
20230208125605,15.8010005950928,-3.9976e-05,5.565e-06,14.616,15.215,15.192,18.063,14.816,15.8010005950928
20230208125605.5,16.3079984486103,-3.4959e-05,5.879e-06,14.603,15.211,15.188,18.051,14.781,16.3079984486103
20230208125606,16.7929988354445,-3.7703e-05,7.211e-06,14.618,15.209,15.186,18.069,14.761,16.7929988354445
20230208125606.5,17.2930061817169,-3.5351e-05,5.173e-06,14.624,15.213,15.192,18.071,14.712,17.2930061817169
20230208125607,17.7970066666603,-3.1902e-05,5.722e-06,14.628,15.217,15.172,18.042,14.669,17.7970066666603
20230208125607.5,18.3280035853386,-3.9035e-05,6.036e-06,14.626,15.219,15.195,18.069,14.699,18.3280035853386
20230208125608,18.812008202076,-3.8487e-05,6.192e-06,14.648,15.227,15.182,18.055,14.744,18.812008202076
20230208125608.5,19.3159986287355,-4.2249e-05,6.506e-06,14.634,15.233,15.19,18.04,14.714,19.3159986287355
20230208125609,19.8079995810986,-3.543e-05,6.663e-06,14.611,15.213,15.186,18.01,14.738,19.8079995810986
20230208125609.5,20.308006927371,-2.5788e-05,6.427e-06,14.632,15.223,15.174,18.008,14.724,20.308006927371
20230208125610,20.8200037479401,-3.057e-05,5.33e-06,14.638,15.207,15.18,18.001,14.695,20.8200037479401
20230208125610.5,21.3240042328835,-3.5116e-05,7.76e-06,14.644,15.205,15.17,17.983,14.63,21.3240042328835
20230208125611,21.8160051852465,-3.7076e-05,7.525e-06,14.551,15.148,15.124,17.92,14.624,21.8160051852465
20230208125611.5,22.3160024732351,-3.7076e-05,6.663e-06,14.592,15.138,15.115,17.91,14.669,22.3160024732351
20230208125612,22.8320024907589,-4.1935e-05,6.898e-06,14.573,15.134,15.093,17.928,14.737,22.8320024907589
20230208125612.5,23.3240034431219,-4.2327e-05,6.349e-06,14.589,15.146,15.132,17.912,14.782,23.3240034431219
20230208125613,23.8079980015755,-3.543e-05,8.701e-06,14.583,15.168,15.101,17.924,14.804,23.8079980015755
20230208125613.5,24.324008077383,-3.9741e-05,4.311e-06,14.587,15.146,15.101,17.906,14.784,24.324008077383
20230208125614,24.8240053653717,-3.786e-05,6.349e-06,14.59,15.146,15.121,17.92,14.78,24.8240053653717
20230208125614.5,25.31200312078,-3.0256e-05,6.427e-06,14.583,15.144,15.124,17.904,14.741,25.31200312078
20230208125615,25.8160036057234,-2.8924e-05,7.838e-06,14.585,15.142,15.107,17.932,14.706,25.8160036057234
20230208125615.5,26.316000893712,-1.842e-05,6.663e-06,14.575,15.15,15.111,17.904,14.649,26.316000893712
20230208125616,26.8010012805462,-3.2451e-05,6.898e-06,14.583,15.132,15.107,17.9,14.653,26.8010012805462
20230208125616.5,27.3050017654896,-3.8565e-05,7.29e-06,14.575,15.148,15.111,17.916,14.665,27.3050017654896
20230208125617,27.8049990534782,-4.319e-05,8.387e-06,14.587,15.144,15.109,17.918,14.669,27.8049990534782
20230208125617.5,28.3050063997507,-4.3268e-05,6.036e-06,14.587,15.148,15.105,17.912,14.708,28.3050063997507
20230208125618,28.8120042532682,-4.6717e-05,6.898e-06,14.592,15.134,15.109,17.908,14.725,28.8120042532682
20230208125618.5,29.3120015412569,-3.6527e-05,8.23e-06,14.567,15.158,15.121,17.9,14.712,29.3120015412569
20230208125619,29.820005223155,-2.6886e-05,8.387e-06,14.575,15.136,15.115,17.898,14.716,29.820005223155
20230208125619.5,30.312006175518,-3.8957e-05,6.741e-06,14.62,15.152,15.109,17.857,14.733,30.312006175518
20230208125620,30.7970065623522,-3.7232e-05,7.133e-06,14.594,15.138,15.113,17.9,14.72,30.7970065623522
20230208125620.5,31.3050001859665,-3.7938e-05,6.271e-06,14.592,15.144,15.107,17.861,14.716,31.3050001859665
20230208125621,31.805007532239,-4.4992e-05,7.838e-06,14.63,15.14,15.113,17.887,14.704,31.805007532239
20230208125621.5,32.3050048202276,-3.9349e-05,8.622e-06,14.606,15.142,15.126,17.863,14.684,32.3050048202276
20230208125622,32.8079994767904,-4.6482e-05,6.584e-06,14.598,15.14,15.076,17.865,14.651,32.8079994767904
20230208125622.5,33.3049993962049,-3.7938e-05,6.976e-06,14.6,15.166,15.123,17.883,14.657,33.3049993962049
20230208125623,33.7890040129423,-3.4175e-05,7.055e-06,14.6,15.134,15.105,17.853,14.669,33.7890040129423
20230208125623.5,34.2970076948404,-3.1981e-05,6.506e-06,14.598,15.132,15.107,17.845,14.614,34.2970076948404
20230208125624,34.8009981215,-2.9551e-05,7.995e-06,14.624,17.225,15.22,17.808,14.641,34.8009981215
20230208125624.5,35.3080060333014,-2.2731e-05,5.8e-06,14.61,17.605,15.608,17.812,14.637,35.3080060333014
20230208125625,35.8010027557611,-3.6605e-05,7.211e-06,14.606,19.496,16.04,17.791,14.665,35.8010027557611
20230208125625.5,36.3120038062334,-3.4411e-05,7.133e-06,14.616,18.974,17.396,17.761,14.671,36.3120038062334
20230208125626,36.8050005286932,-4.0838e-05,7.368e-06,14.6,17.65,18.025,17.732,14.655,36.8050005286932
20230208125626.5,37.3080052435398,-4.2563e-05,6.114e-06,14.634,16.584,17.712,17.709,14.647,37.3080052435398
20230208125627,37.8240052610636,-3.5116e-05,7.133e-06,14.614,16.345,17.122,17.695,14.598,37.8240052610636
20230208125627.5,38.3319988846779,-3.5665e-05,7.76e-06,14.618,16.187,16.656,17.699,14.544,38.3319988846779
20230208125628,38.86300586164,-4.2327e-05,6.114e-06,14.632,15.709,16.519,17.662,14.489,38.86300586164
20230208125628.5,39.375002682209,-3.8957e-05,7.838e-06,14.639,15.457,16.271,17.644,14.514,39.375002682209
20230208125629.1,39.8940000683069,-4.5541e-05,5.8e-06,14.628,15.424,15.948,17.646,14.5,39.8940000683069
20230208125629.6,40.3900042176247,-3.4411e-05,7.055e-06,14.635,15.185,15.795,17.65,14.524,40.3900042176247
20230208125630.1,40.9060042351484,-3.4567e-05,6.349e-06,14.632,15.003,15.645,17.63,14.555,40.9060042351484
20230208125630.6,41.4220042526722,-2.9786e-05,7.133e-06,14.643,14.833,15.441,17.613,14.589,41.4220042526722
20230208125631.1,41.9220015406609,-3.2921e-05,6.271e-06,14.649,14.657,15.289,17.624,14.583,41.9220015406609
20230208125631.6,42.430005222559,-3.9741e-05,6.192e-06,14.637,14.473,15.124,17.615,14.592,42.430005222559
20230208125632.1,42.9139997810125,-3.5194e-05,7.211e-06,14.655,14.34,14.95,17.626,14.616,42.9139997810125
20230208125632.6,43.4450067579746,-3.4489e-05,6.349e-06,14.647,14.231,14.802,17.622,14.604,43.4450067579746
20230208125633.1,43.969003111124,-3.4411e-05,6.741e-06,14.653,14.174,14.673,17.621,14.575,43.969003111124
20230208125633.6,44.4690003991127,-3.9584e-05,6.114e-06,14.643,14.06,14.498,17.571,14.545,44.4690003991127
20230208125634.1,44.9759982526302,-3.4567e-05,6.663e-06,14.586,13.931,14.418,17.573,14.545,44.9759982526302
20230208125634.6,45.4690050333738,-4.1622e-05,7.29e-06,14.592,13.88,14.332,17.571,14.551,45.4690050333738
20230208125635.1,45.9760028868914,-3.6527e-05,5.173e-06,14.613,13.856,14.251,17.585,14.519,45.9760028868914
20230208125635.7,46.4840065687895,-2.9629e-05,6.192e-06,14.592,13.843,14.185,17.602,14.543,46.4840065687895
20230208125636.2,47.0000065863132,-4.2406e-05,6.819e-06,14.598,13.79,14.156,17.6,14.584,47.0000065863132
20230208125636.7,47.5000038743019,-4.3895e-05,7.76e-06,14.6,13.753,14.111,17.612,14.586,47.5000038743019
20230208125637.2,47.9880016297102,-4.123e-05,9.093e-06,14.611,13.694,14.038,17.616,14.609,47.9880016297102
20230208125637.7,48.504001647234,-4.8128e-05,8.309e-06,14.617,13.637,13.978,17.622,14.637,48.504001647234
20230208125638.2,49.0190058946609,-4.3582e-05,6.427e-06,14.594,13.59,13.925,17.649,14.723,49.0190058946609
20230208125638.7,49.5040062814951,-4.3425e-05,8.701e-06,14.611,13.537,13.856,17.634,14.782,49.5040062814951
20230208125639.2,50.0040035694838,-4.2014e-05,8.152e-06,14.598,13.508,13.811,17.63,14.858,50.0040035694838
20230208125639.7,50.5120072513819,-5.0009e-05,7.211e-06,14.615,13.469,13.751,17.655,14.922,50.5120072513819
20230208125640.2,51.0120045393705,-3.3705e-05,8.152e-06,14.604,13.442,13.717,17.639,14.958,51.0120045393705
20230208125640.7,51.4959990978241,-4.2327e-05,7.446e-06,14.6,13.408,13.688,17.663,15.026,51.4959990978241
20230208125641.2,52.0230028778315,-4.4365e-05,7.995e-06,14.611,13.371,13.643,17.643,15.163,52.0230028778315
20230208125641.7,52.5390028953552,-4.0368e-05,7.603e-06,14.621,13.352,13.618,17.655,15.079,52.5390028953552
20230208125642.2,53.0390001833439,-4.0603e-05,7.133e-06,14.615,13.313,13.549,17.653,15.032,53.0390001833439
20230208125642.7,53.5390075296164,-4.2954e-05,8.23e-06,14.609,13.256,13.518,17.659,14.989,53.5390075296164
20230208125643.2,54.039004817605,-3.7154e-05,7.133e-06,14.627,13.246,13.485,17.673,14.95,54.039004817605
20230208125643.7,54.5430053025484,-4.6168e-05,5.409e-06,14.619,13.223,13.444,17.663,14.993,54.5430053025484
20230208125644.2,55.069999024272,-3.2451e-05,8.779e-06,14.617,13.168,13.418,17.677,14.964,55.069999024272
20230208125644.7,55.5549994111061,-2.814e-05,8.23e-06,14.629,13.142,13.365,18.211,14.991,55.5549994111061
20230208125645.2,56.0700036585331,-3.4254e-05,7.76e-06,14.607,13.119,13.328,18.891,15.03,56.0700036585331
20230208125645.8,56.5900068730116,-3.3548e-05,9.014e-06,14.613,13.076,13.313,19.57,15.04,56.5900068730116
20230208125646.2,57.0699982345104,-2.5553e-05,8.779e-06,14.629,13.037,13.291,20.255,15.218,57.0699982345104
20230208125646.7,57.5739987194538,-1.7636e-05,8.152e-06,14.627,13.035,13.234,20.818,15.204,57.5739987194538
20230208125647.3,58.0860055983067,-1.7793e-05,7.055e-06,14.637,13.009,13.215,21.294,15.327,58.0860055983067
20230208125647.7,58.5740033537149,-2.7356e-05,8.309e-06,14.635,12.992,13.183,21.614,15.323,58.5740033537149
20230208125648.2,59.0580079704523,-4.3582e-05,7.917e-06,14.666,12.972,13.17,21.757,15.257,59.0580079704523
20230208125648.7,59.558005258441,-3.9506e-05,1.1366e-05,14.641,12.96,13.146,21.82,15.286,59.558005258441
20230208125649.2,60.0659988820553,-4.2954e-05,6.584e-06,14.662,12.941,13.109,21.816,15.257,60.0659988820553
20230208125649.7,60.5579998344183,-3.5822e-05,1.0347e-05,14.641,12.939,13.111,21.767,15.292,60.5579998344183
20230208125650.2,61.0510066151619,-4.413e-05,6.506e-06,14.664,12.912,13.06,21.712,17.375,61.0510066151619
20230208125650.7,61.5580044686794,-4.5306e-05,7.368e-06,14.641,12.902,13.066,21.648,20.02,61.5580044686794
20230208125651.2,62.0430048555136,-3.7938e-05,8.465e-06,14.656,12.894,13.056,21.599,21.483,62.0430048555136
20230208125651.7,62.5430021435022,-4.4287e-05,8.387e-06,14.641,12.884,13.017,21.513,22.413,62.5430021435022
20230208125652.2,63.0350030958652,-3.6057e-05,8.309e-06,14.66,12.867,13.019,21.45,23.024,63.0350030958652
20230208125652.7,63.5430067777634,-3.8173e-05,8.779e-06,14.664,12.886,13.009,21.366,23.51,63.5430067777634
20230208125653.2,64.0310045331717,-4.609e-05,1.0033e-05,14.643,12.859,12.992,21.278,23.874,64.0310045331717
20230208125653.7,64.538998156786,-2.9864e-05,7.525e-06,14.592,12.814,12.935,21.126,24.108,64.538998156786
20230208125654.2,65.0550082325935,-4.8755e-05,8.309e-06,14.614,12.797,12.92,21.065,24.323,65.0550082325935
20230208125654.7,65.5620060861111,-4.7971e-05,7.682e-06,14.59,12.797,12.91,20.973,24.509,65.5620060861111
20230208125655.2,66.058000177145,-2.7826e-05,8.309e-06,14.612,12.793,12.908,20.891,24.667,66.058000177145
20230208125655.7,66.5430005639791,-4.7187e-05,6.976e-06,14.61,12.789,12.888,20.834,24.815,66.5430005639791
20230208125656.2,67.0470010489225,-4.319e-05,8.387e-06,14.624,12.765,12.887,20.768,24.907,67.0470010489225
20230208125656.7,67.5430051982403,-4.319e-05,7.133e-06,14.59,12.773,12.861,20.701,24.985,67.5430051982403
20230208125657.2,68.0430024862289,-4.5855e-05,7.368e-06,14.614,12.75,12.857,20.633,25.085,68.0430024862289
20230208125657.7,68.535003438592,-4.4992e-05,8.074e-06,14.6,12.746,12.877,20.543,25.128,68.535003438592
20230208125658.2,69.0350007265806,-3.5822e-05,7.525e-06,14.602,12.744,12.869,20.488,25.176,69.0350007265806
20230208125658.7,69.5270016789436,-4.7266e-05,6.663e-06,14.62,12.763,12.849,20.406,25.261,69.5270016789436
20230208125659.2,70.0079988688231,-4.2719e-05,7.838e-06,14.6,12.763,12.843,20.355,25.287,70.0079988688231
20230208125659.7,70.5270063132048,-3.5194e-05,9.171e-06,14.627,12.73,12.849,20.279,25.3,70.5270063132048
20230208125700.2,71.0159998387098,-4.2954e-05,7.917e-06,14.608,12.728,12.818,20.208,25.321,71.0159998387098
20230208125700.7,71.5120039880276,-4.5463e-05,8.23e-06,14.616,12.724,12.824,20.14,25.385,71.5120039880276
20230208125701.2,72.016004472971,-4.7501e-05,7.29e-06,14.627,12.72,12.818,20.077,25.434,72.016004472971
20230208125701.7,72.5189991295338,-4.7736e-05,7.368e-06,14.612,12.707,12.818,20.024,25.467,72.5189991295338
20230208125702.2,73.0159990489483,-4.4992e-05,7.055e-06,14.606,12.707,12.773,19.96,25.509,73.0159990489483
20230208125702.7,73.5160063952208,-3.3862e-05,9.093e-06,14.606,12.699,12.806,19.921,25.552,73.5160063952208
20230208125703.2,74.0190010517836,-3.7232e-05,6.584e-06,14.629,12.716,12.775,19.856,25.501,74.0190010517836
20230208125703.7,74.5189983397722,-3.3705e-05,9.798e-06,14.637,12.691,12.791,19.819,24.996,74.5189983397722
20230208125704.2,75.0229988247156,-3.5743e-05,7.76e-06,14.618,12.669,12.775,19.77,24.337,75.0229988247156
20230208125704.7,75.5230061709881,-4.1308e-05,5.409e-06,14.62,12.664,12.761,19.708,23.747,75.5230061709881
20230208125705.2,76.0309997946024,-3.8722e-05,7.055e-06,14.612,12.664,12.763,19.674,23.228,76.0309997946024
20230208125705.7,76.5270039439201,-4.4522e-05,9.093e-06,14.61,12.664,12.74,19.62,22.795,76.5270039439201
20230208125706.2,77.0229980349541,-3.5665e-05,7.055e-06,14.606,12.64,12.728,19.571,22.381,77.0229980349541
20230208125706.7,77.5120016187429,-4.4365e-05,7.29e-06,14.622,12.64,12.728,19.532,21.947,77.5120016187429
20230208125707.2,78.004002571106,-2.3986e-05,7.29e-06,14.604,12.638,12.714,19.49,21.509,78.004002571106
20230208125707.7,78.496003523469,-3.5273e-05,7.368e-06,14.622,12.624,12.718,19.443,21.083,78.496003523469
20230208125708.2,79.008000344038,-3.6292e-05,5.957e-06,14.608,12.619,12.716,19.42,20.715,79.008000344038
20230208125708.7,79.5040044933558,-4.4601e-05,9.014e-06,14.633,12.607,12.691,19.361,20.369,79.5040044933558
20230208125709.2,79.9879990518093,-4.4444e-05,6.898e-06,14.622,12.613,12.689,19.336,20.111,79.9879990518093
20230208125709.7,80.4960027337074,-4.4836e-05,8.309e-06,14.639,12.607,12.691,19.269,19.95,80.4960027337074
20230208125710.2,81.0160059481859,-4.4836e-05,8.779e-06,14.622,12.591,12.679,19.219,19.674,81.0160059481859
20230208125710.7,81.5000005066395,-4.2406e-05,8.074e-06,14.647,12.595,12.652,19.201,19.367,81.5000005066395
20230208125711.2,82.0040009915829,-4.0446e-05,6.976e-06,14.653,12.591,12.662,19.142,19.093,82.0040009915829
20230208125711.7,82.512004673481,-4.5149e-05,7.917e-06,14.653,12.595,12.679,19.101,18.866,82.512004673481
20230208125712.2,83.0079987645149,-4.2249e-05,6.192e-06,14.631,12.581,12.683,19.082,18.62,83.0079987645149
20230208125712.7,83.5040029138327,-3.6762e-05,6.036e-06,14.641,12.574,12.662,19.023,18.356,83.5040029138327
20230208125713.2,84.0120065957308,-4.123e-05,6.663e-06,14.645,12.558,12.656,19.001,18.072,84.0120065957308
20230208125713.7,84.4919979572296,-4.4287e-05,6.036e-06,14.588,12.495,12.591,18.901,17.86,84.4919979572296
20230208125714.2,84.9920053035021,-4.7422e-05,8.465e-06,14.59,12.503,12.571,18.864,17.651,84.9920053035021
20230208125714.7,85.4920025914907,-4.1308e-05,8.387e-06,14.582,12.489,12.577,18.844,17.452,85.4920025914907
20230208125715.2,85.9880067408085,-4.366e-05,1.019e-05,14.57,12.518,12.573,18.811,17.303,85.9880067408085
20230208125715.7,86.4880040287971,-4.1779e-05,8.622e-06,14.568,12.483,12.569,18.774,17.154,86.4880040287971
20230208125716.2,87.0040040463209,-3.8173e-05,7.29e-06,14.576,12.485,12.563,18.754,17.015,87.0040040463209
20230208125716.7,87.4920018017292,-4.7109e-05,7.603e-06,14.582,12.477,12.563,18.741,16.851,87.4920018017292
20230208125717.2,87.9919990897179,-4.4522e-05,7.603e-06,14.603,12.469,12.553,18.707,16.72,87.9919990897179
20230208125717.7,88.4920064359903,-3.8565e-05,7.682e-06,14.58,12.483,12.548,18.682,16.638,88.4920064359903
20230208125718.2,88.9960069209337,-4.3033e-05,6.898e-06,14.58,12.483,12.532,18.657,16.548,88.9960069209337
20230208125718.7,89.5080037415028,-4.2484e-05,7.055e-06,14.584,12.452,12.528,18.637,16.448,89.5080037415028
20230208125719.2,90.0230079889297,-4.8049e-05,7.055e-06,14.584,12.446,12.526,18.59,16.295,90.0230079889297
20230208125719.7,90.5040051788092,-3.6841e-05,8.074e-06,14.598,12.45,12.512,18.58,16.223,90.5040051788092
20230208125720.2,91.0119988024235,-3.9192e-05,7.368e-06,14.594,12.44,12.522,18.567,16.243,91.0119988024235
20230208125720.7,91.5159992873669,-4.17e-05,7.682e-06,14.582,12.452,12.526,18.541,16.155,91.5159992873669
20230208125721.2,92.0270003378391,-1.9988e-05,7.211e-06,14.578,12.436,12.514,18.529,16.039,92.0270003378391
20230208125721.7,92.5430003553629,-3.5116e-05,7.917e-06,14.582,12.416,12.514,18.494,15.943,92.5430003553629
20230208125722.4,93.203004822135,-4.5306e-05,8.701e-06,14.572,12.426,12.514,18.48,15.779,93.203004822135
20230208125722.9,93.7070053070784,-7.838e-06,1.9518e-05,14.578,12.416,12.512,18.447,15.716,93.7070053070784
20230208125723.6,94.4300048053265,-2.6729e-05,2.0458e-05,14.582,12.411,12.483,18.4,15.634,94.4300048053265
20230208125724.3,95.1639980077744,-3.2765e-05,7.29e-06,14.562,12.397,12.477,18.375,15.499,95.1639980077744
20230208125725,95.8240024745464,-2.6337e-05,9.955e-06,14.59,12.395,12.467,18.32,15.435,95.8240024745464
20230208125725.7,96.4800037443638,-3.1275e-05,3.786e-05,14.57,12.393,12.456,18.301,15.437,96.4800037443638
20230208125726.2,97.0550056546926,-3.5116e-05,6.506e-06,14.584,12.409,12.475,18.277,15.382,97.0550056546926
20230208125726.7,97.5660067051649,-5.1106e-05,1.7715e-05,14.582,12.389,12.458,18.271,15.349,97.5660067051649
20230208125727.2,98.05500023067,-3.14e-07,8.074e-06,14.584,12.377,12.446,18.23,15.392,98.05500023067
20230208125727.7,98.5550075769424,-5.5418e-05,2.814e-05,14.598,12.36,12.452,18.23,15.448,98.5550075769424
20230208125728.2,99.0510016679764,-1.1679e-05,8.23e-06,14.584,12.356,12.428,18.212,15.464,99.0510016679764
20230208125728.9,99.683003872633,-4.17e-05,7.603e-06,14.609,12.342,12.424,18.181,15.525,99.683003872633
20230208125729.4,100.180003792048,-3.0805e-05,1.411e-06,14.588,12.328,12.428,18.193,15.464,100.180003792048
20230208125729.9,100.680001080036,-3.9192e-05,7.133e-06,14.584,12.33,12.426,18.152,15.407,100.680001080036
20230208125730.4,101.195005327463,-3.5508e-05,8.23e-06,14.598,12.354,12.43,18.148,15.355,101.195005327463
20230208125730.9,101.695002615452,-2.8689e-05,5.879e-06,14.543,12.266,12.356,18.051,15.267,101.695002615452
20230208125731.4,102.199003100395,-3.2451e-05,6.819e-06,14.528,12.256,12.343,18.06,15.277,102.199003100395
20230208125731.9,102.699000388384,-3.637e-05,9.328e-06,14.516,12.255,12.337,18.043,15.222,102.699000388384
20230208125732.4,103.195004537702,-2.2026e-05,9.093e-06,14.535,12.255,12.323,18.035,15.195,103.195004537702
20230208125732.9,103.699005022645,-1.6539e-05,7.76e-06,14.52,12.231,12.335,18.031,15.2,103.699005022645
20230208125733.4,104.206998646259,-4.2641e-05,8.544e-06,14.547,12.229,12.315,18.017,15.146,104.206998646259
20230208125733.9,104.691003262997,-1.3012e-05,8.544e-06,14.533,12.219,12.298,18.002,15.026,104.691003262997
20230208125734.4,105.19500374794,-2.4613e-05,6.898e-06,14.535,12.208,12.298,18.007,14.987,105.19500374794
20230208125734.9,105.695001035929,-3.9662e-05,8.152e-06,14.539,12.188,12.284,17.976,14.948,105.695001035929
20230208125735.4,106.203004717827,-3.9584e-05,7.682e-06,14.526,12.192,12.276,17.976,14.876,106.203004717827
20230208125735.9,106.703002005816,-3.0413e-05,8.544e-06,14.516,12.17,12.256,17.962,14.819,106.703002005816
20230208125736.4,107.207002490759,-3.9035e-05,7.995e-06,14.526,12.174,12.256,17.968,14.794,107.207002490759
20230208125736.9,107.715006172657,-4.0681e-05,8.309e-06,14.541,12.155,12.255,17.937,14.731,107.715006172657
20230208125737.4,108.199000731111,-2.4064e-05,7.682e-06,14.531,12.163,12.258,17.927,14.727,108.199000731111
20230208125737.9,108.699008077383,-3.7624e-05,7.76e-06,14.537,12.155,12.235,17.918,14.725,108.699008077383
20230208125738.4,109.202998504043,-2.618e-05,8.779e-06,14.543,12.139,12.223,17.927,14.659,109.202998504043
20230208125738.9,109.725999087095,-2.9551e-05,9.72e-06,14.537,12.17,12.219,17.9,14.645,109.725999087095
20230208125739.4,110.219005867839,-3.8016e-05,7.995e-06,14.526,12.121,12.198,17.894,14.596,110.219005867839
20230208125739.9,110.723006352782,-3.7781e-05,7.29e-06,14.541,12.12,12.194,17.882,14.541,110.723006352782
20230208125740.4,111.226001009345,-3.6135e-05,7.76e-06,14.553,12.12,12.198,17.89,14.52,111.226001009345
20230208125740.9,111.730001494288,-3.8879e-05,8.23e-06,14.528,12.075,12.196,17.869,14.518,111.730001494288
20230208125741.4,112.229998782277,-3.9114e-05,6.819e-06,14.529,12.09,12.196,17.828,14.488,112.229998782277
20230208125741.9,112.726002931595,-3.9976e-05,7.525e-06,14.535,12.096,12.182,17.824,14.492,112.726002931595
20230208125742.4,113.230003416538,-2.6964e-05,7.525e-06,14.551,12.094,12.174,17.81,14.492,113.230003416538
20230208125742.9,113.723000138998,-4.1152e-05,7.995e-06,14.551,12.086,12.159,17.792,14.461,113.723000138998
20230208125743.4,114.23400118947,-3.5116e-05,9.563e-06,14.543,12.071,12.147,17.788,14.424,114.23400118947
20230208125743.9,114.733998477459,-2.4456e-05,9.093e-06,14.528,12.059,12.141,17.786,14.436,114.733998477459
20230208125744.4,115.215005725622,-2.8845e-05,7.368e-06,14.543,12.047,12.159,17.765,14.453,115.215005725622
20230208125744.9,115.715003013611,-2.5083e-05,7.133e-06,14.531,12.063,12.131,17.732,14.438,115.715003013611
20230208125745.4,116.211007162929,-3.9192e-05,7.525e-06,14.561,12.049,12.133,17.726,14.44,116.211007162929
20230208125745.9,116.711004450917,-1.6382e-05,8.857e-06,14.545,12.053,12.125,17.73,14.453,116.711004450917
20230208125746.4,117.211001738906,-4.2641e-05,8.544e-06,14.541,12.069,12.131,17.726,14.445,117.211001738906
20230208125746.9,117.722998559475,-4.6717e-05,6.976e-06,14.551,12.049,12.116,17.7,14.467,117.722998559475
20230208125747.5,118.285005167127,-4.3346e-05,8.074e-06,14.549,12.047,12.114,17.704,14.477,118.285005167127
20230208125748,118.78900565207,-4.7422e-05,5.722e-06,14.545,12.039,12.094,17.675,14.475,118.78900565207
20230208125748.5,119.281006604433,-4.4287e-05,6.663e-06,14.563,12.028,12.098,17.685,14.449,119.281006604433
20230208125748.9,119.773007556796,-3.2294e-05,7.838e-06,14.547,12.026,12.11,17.673,14.434,119.773007556796
20230208125749.4,120.262001082301,-4.6325e-05,8.622e-06,14.539,12.024,12.108,17.669,14.434,120.262001082301
20230208125750,120.805007591844,-3.833e-05,7.995e-06,14.563,12.043,12.094,17.642,14.438,120.805007591844
20230208125750.5,121.375000476837,-3.8722e-05,9.955e-06,14.503,11.968,12.037,17.588,14.378,121.375000476837
20230208125751.1,121.937007084489,-4.3895e-05,8.309e-06,14.496,11.968,12.011,17.561,14.314,121.937007084489
20230208125751.7,122.499999403954,-4.3111e-05,6.663e-06,14.48,11.984,12.035,17.561,14.243,122.499999403954
20230208125752.2,123.015999421477,-3.8016e-05,7.29e-06,14.509,11.96,12.043,17.535,14.29,123.015999421477
20230208125752.8,123.62499833107,-3.8016e-05,8.23e-06,14.501,11.97,12.043,17.528,14.351,123.62499833107
20230208125753.3,124.137005209923,-3.4489e-05,7.133e-06,14.496,11.974,12.041,17.526,14.408,124.137005209923
20230208125753.8,124.617006629705,-4.3582e-05,6.898e-06,14.503,11.982,12.027,17.51,14.451,124.617006629705
20230208125754.3,125.12500025332,-4.2798e-05,9.249e-06,14.498,11.98,12.013,17.498,14.443,125.12500025332
20230208125754.8,125.633003935218,-4.366e-05,8.465e-06,14.494,11.984,12.031,17.512,14.421,125.633003935218
20230208125755.5,126.297001540661,-4.9147e-05,8.387e-06,14.509,11.982,12.013,17.477,14.367,126.297001540661
20230208125756.1,126.960999146104,-5.6515e-05,7.055e-06,14.501,11.986,12.023,17.485,14.347,126.960999146104
20230208125756.7,127.535005286336,-3.6292e-05,9.72e-06,14.5,11.98,12.031,17.479,14.304,127.535005286336
20230208125757.2,128.023003041744,-4.1465e-05,9.093e-06,14.5,11.998,12.019,17.455,14.333,128.023003041744
20230208125757.7,128.519007191062,-3.5586e-05,8.857e-06,14.488,11.996,12.025,17.457,14.4,128.519007191062
20230208125758.2,129.027000814676,-3.394e-05,8.465e-06,14.496,11.98,12.037,17.447,14.412,129.027000814676
20230208125758.7,129.523004963994,-2.1791e-05,7.603e-06,14.498,12.005,12.045,17.465,14.392,129.523004963994
20230208125759.2,130.039004981518,-4.4287e-05,1.019e-05,14.511,12,12.033,17.444,14.357,130.039004981518
20230208125759.7,130.5190064013,-3.8565e-05,9.171e-06,14.494,12.017,12.06,17.444,14.29,130.5190064013
20230208125800.2,131.031003221869,-4.5541e-05,7.603e-06,14.511,12.021,12.047,17.432,14.263,131.031003221869
20230208125800.7,131.523004174232,-3.8565e-05,1.0033e-05,14.515,12.007,12.062,17.438,14.247,131.523004174232
20230208125801.2,132.031007856131,-3.9976e-05,6.271e-06,14.509,12.025,12.037,17.442,14.263,132.031007856131
20230208125801.7,132.515998184681,-4.1779e-05,8.387e-06,14.515,12.037,12.054,17.438,14.284,132.515998184681
20230208125802.2,133.012002333999,-3.6527e-05,8.387e-06,14.501,12.031,12.074,17.44,14.284,133.012002333999
20230208125802.7,133.519000187516,-4.6952e-05,7.29e-06,14.505,12.049,12.066,17.434,14.271,133.519000187516
20230208125803.2,134.00400057435,-3.8095e-05,7.995e-06,14.527,12.045,12.066,17.428,14.245,134.00400057435
20230208125803.7,134.508001059294,-3.5194e-05,9.328e-06,14.503,12.056,12.082,17.422,14.224,134.508001059294
20230208125804.2,135.016004741192,-5.0793e-05,6.584e-06,14.527,12.066,12.095,17.426,14.212,135.016004741192
20230208125804.7,135.499999299645,-2.1791e-05,7.917e-06,14.505,12.064,12.099,17.42,14.183,135.499999299645
20230208125805.2,136.003999784589,-2.8845e-05,7.682e-06,14.503,12.078,12.103,17.432,14.177,136.003999784589
20230208125805.7,136.508000269532,-4.8833e-05,5.644e-06,14.509,12.09,12.099,17.402,14.134,136.508000269532
20230208125806.2,137.01600395143,-3.4411e-05,7.446e-06,14.501,12.101,12.113,17.42,14.097,137.01600395143
20230208125806.7,137.523001804948,-3.104e-05,7.76e-06,14.509,12.093,12.109,17.426,14.14,137.523001804948
20230208125807.2,138.019005954266,-3.8016e-05,8.152e-06,14.501,12.121,12.125,17.422,14.149,138.019005954266
20230208125807.7,138.51600587368,-3.4411e-05,1.0503e-05,14.509,12.142,12.144,17.412,14.114,138.51600587368
20230208125808.2,139.027006924152,-4.2484e-05,8.23e-06,14.519,12.133,12.144,17.399,14.101,139.027006924152
20230208125808.7,139.512007310987,-3.0335e-05,7.682e-06,14.503,12.144,12.158,17.412,14.171,139.512007310987
20230208125809.2,140.022998303175,-4.0054e-05,8.152e-06,14.507,12.166,12.18,17.387,14.288,140.022998303175
20230208125809.7,140.526998788118,-1.4188e-05,7.995e-06,14.519,12.164,12.162,17.402,14.322,140.526998788118
20230208125810.2,141.054998338223,-3.5665e-05,8.309e-06,14.517,12.191,12.189,17.387,14.335,141.054998338223
20230208125810.8,141.629004478455,-3.8879e-05,6.898e-06,14.509,12.189,12.187,17.381,14.425,141.629004478455
20230208125811.3,142.124998569489,-3.786e-05,7.29e-06,14.525,12.215,12.213,17.377,14.458,142.124998569489
20230208125811.8,142.625005915761,-4.703e-05,1.0112e-05,14.525,12.228,12.203,17.383,14.505,142.625005915761
20230208125812.3,143.129006400704,-4.852e-05,7.917e-06,14.498,12.223,12.221,17.389,14.5,143.129006400704
20230208125812.8,143.625000491738,-4.2014e-05,8.309e-06,14.529,12.248,12.254,17.371,14.468,143.625000491738
20230208125813.3,144.133004173636,-4.656e-05,7.995e-06,14.531,12.25,12.242,17.381,14.488,144.133004173636
20230208125813.8,144.64799836278,-4.7501e-05,6.114e-06,14.519,12.262,12.26,17.369,14.455,144.64799836278
20230208125814.3,145.148005709052,-4.2171e-05,7.76e-06,14.523,12.27,12.26,17.377,14.421,145.148005709052
20230208125814.8,145.652006193995,-4.6874e-05,6.663e-06,14.509,12.295,12.291,17.371,14.412,145.652006193995
20230208125815.3,146.176002547145,-3.7154e-05,8.622e-06,14.509,12.309,12.293,17.365,14.413,146.176002547145
20230208125815.8,146.675999835134,-4.7971e-05,6.192e-06,14.507,12.316,12.315,17.348,14.382,146.675999835134
20230208125816.4,147.187000885606,-4.123e-05,7.29e-06,14.517,12.334,12.305,17.344,14.363,147.187000885606
20230208125816.8,147.676004469395,-4.0603e-05,7.055e-06,14.511,12.334,12.34,17.356,14.355,147.676004469395
20230208125817.3,148.176001757383,-4.0289e-05,7.133e-06,14.513,12.365,12.348,17.344,14.345,148.176001757383
20230208125817.8,148.675999045372,-4.2171e-05,7.603e-06,14.525,12.361,12.356,17.344,14.323,148.675999045372
20230208125818.3,149.17200319469,-3.7624e-05,7.603e-06,14.511,12.379,12.375,17.324,14.292,149.17200319469
20230208125818.9,149.687007442117,-2.908e-05,7.446e-06,14.519,12.414,12.389,17.311,14.275,149.687007442117
20230208125819.4,150.187004730105,-4.8363e-05,8.23e-06,14.517,12.428,12.397,17.324,14.206,150.187004730105
20230208125819.9,150.682998821139,-3.6919e-05,8.544e-06,14.517,12.42,12.412,17.311,14.177,150.682998821139
20230208125820.4,151.186999306083,-3.394e-05,4.468e-06,14.523,12.444,12.424,17.309,14.102,151.186999306083
20230208125820.9,151.711005717516,-2.6807e-05,3.449e-06,14.55,12.473,12.446,17.316,14.061,151.711005717516
20230208125821.4,152.19500027597,-3.1118e-05,4.468e-06,14.523,12.481,12.434,17.324,14.028,152.19500027597
20230208125821.9,152.699000760913,-2.9237e-05,2.743e-06,14.531,12.483,12.463,17.309,14.014,152.699000760913
20230208125822.4,153.238004073501,-4.0211e-05,6.271e-06,14.531,12.518,12.473,17.299,13.997,153.238004073501
20230208125823,153.80499958992,-4.2406e-05,5.8e-06,14.467,12.469,12.454,17.229,13.931,153.80499958992
20230208125823.5,154.320003837347,-3.9741e-05,8.465e-06,14.476,12.487,12.448,17.227,13.903,154.320003837347
20230208125824.1,154.893999919295,-3.0413e-05,7.995e-06,14.467,12.477,12.473,17.24,13.907,154.893999919295
20230208125824.6,155.402003601193,-3.0805e-05,7.055e-06,14.461,12.503,12.485,17.225,13.88,155.402003601193
20230208125825.1,155.918003618717,-3.4959e-05,4.154e-06,14.461,12.518,12.509,17.235,13.87,155.918003618717
20230208125825.6,156.406001374125,-3.1746e-05,7.055e-06,14.475,12.532,12.52,17.213,13.835,156.406001374125
20230208125826.1,156.905998662114,-4.1857e-05,6.427e-06,14.476,12.561,12.53,17.225,13.817,156.905998662114
20230208125826.6,157.421998679638,-4.7109e-05,6.898e-06,14.457,12.577,12.526,17.221,13.807,157.421998679638
20230208125827.1,157.906003296375,-3.0491e-05,7.838e-06,14.461,12.593,12.556,17.223,13.809,157.906003296375
20230208125827.6,158.402007445693,-3.3e-05,7.682e-06,14.459,12.599,12.565,17.199,13.792,158.402007445693
20230208125828.1,158.902004733682,-3.6057e-05,1.019e-05,14.465,12.62,12.583,17.203,13.759,158.902004733682
20230208125828.6,159.40200202167,-3.1275e-05,1.0112e-05,14.451,12.655,12.608,17.199,13.768,159.40200202167
20230208125829.1,159.901999309659,-2.4142e-05,8.936e-06,14.471,12.651,12.614,17.201,13.712,159.901999309659
20230208125829.6,160.398003458977,-1.8812e-05,8.622e-06,14.457,12.677,12.636,17.211,13.731,160.398003458977
20230208125830.1,160.906007140875,-2.2653e-05,7.29e-06,14.457,12.691,12.651,17.217,13.704,160.906007140875
20230208125830.6,161.414000764489,-3.4646e-05,7.838e-06,14.463,12.698,12.671,17.194,13.684,161.414000764489
20230208125831.1,161.914008110762,-2.9237e-05,7.76e-06,14.473,12.718,12.675,17.201,13.663,161.914008110762
20230208125831.6,162.417998537421,-3.7546e-05,8.701e-06,14.469,12.741,12.704,17.199,13.661,162.417998537421
20230208125832.1,162.906006351113,-4.3111e-05,8.074e-06,14.486,12.757,12.734,17.195,13.673,162.906006351113
20230208125832.6,163.406003639102,-3.9192e-05,8.309e-06,14.49,12.781,12.755,17.194,13.653,163.406003639102
20230208125833.1,163.906000927091,-3.9819e-05,8.936e-06,14.48,12.81,12.765,17.207,13.629,163.906000927091
20230208125833.6,164.422000944614,-3.7468e-05,7.838e-06,14.461,12.825,12.788,17.188,13.7,164.422000944614
20230208125834.1,164.906005561352,-4.2954e-05,8.309e-06,14.478,12.845,12.782,17.184,13.716,164.906005561352
20230208125834.6,165.413999184966,-2.9316e-05,7.603e-06,14.475,12.843,12.816,17.168,13.674,165.413999184966
20230208125835.1,165.906000137329,-3.3392e-05,7.838e-06,14.473,12.886,12.845,17.178,13.639,165.906000137329
20230208125835.6,166.414003819227,-3.4411e-05,9.406e-06,14.498,12.892,12.837,17.176,13.61,166.414003819227
20230208125836.1,166.897998377681,-5.879e-06,7.525e-06,14.496,12.915,12.869,17.17,13.604,166.897998377681
20230208125836.6,167.394002526999,-1.7715e-05,9.798e-06,14.492,12.917,12.894,17.162,13.583,167.394002526999
20230208125837.1,167.893999814987,-2.3437e-05,9.563e-06,14.48,12.939,12.902,17.154,13.581,167.893999814987
20230208125837.6,168.39400716126,-2.3515e-05,7.525e-06,14.484,12.978,12.923,17.149,13.584,168.39400716126
20230208125838.1,168.894004449248,-1.3717e-05,6.349e-06,14.486,12.996,12.949,17.141,13.629,168.894004449248
20230208125838.6,169.389998540282,-1.552e-05,6.036e-06,14.486,12.934,12.891,17.096,13.552,169.389998540282
20230208125839.1,169.890005886555,-2.0537e-05,6.349e-06,14.442,12.955,12.902,17.063,13.558,169.890005886555
20230208125839.6,170.397999510169,-1.3169e-05,8.152e-06,14.418,12.965,12.936,17.045,13.565,170.397999510169
20230208125840.1,170.882999897003,-2.3202e-05,7.211e-06,14.436,12.992,12.949,17.045,13.546,170.882999897003
20230208125840.6,171.387000381947,-3.7389e-05,7.055e-06,14.428,13.012,12.973,17.047,13.608,171.387000381947
20230208125841.1,171.890005096793,-3.4567e-05,8.701e-06,14.438,13.043,12.988,17.059,13.585,171.890005096793
20230208125841.6,172.394005581737,-3.2608e-05,5.879e-06,14.422,13.074,13.004,17.049,13.561,172.394005581737
20230208125842.1,172.894002869725,-4.4522e-05,8.387e-06,14.448,13.08,13.031,17.053,13.575,172.894002869725
20230208125842.6,173.394000157714,-4.2563e-05,6.192e-06,14.436,13.1,13.041,17.036,13.628,173.394000157714
20230208125843.1,173.890004307032,-4.6325e-05,6.819e-06,14.428,13.125,13.072,17.028,13.718,173.890004307032
20230208125843.6,174.394004791975,-4.2406e-05,7.682e-06,14.444,13.141,13.088,17.038,13.841,174.394004791975
20230208125844.1,174.889998883009,-4.123e-05,7.055e-06,14.422,13.157,13.119,17.02,13.798,174.889998883009
20230208125844.6,175.390006229281,-4.1465e-05,7.603e-06,14.428,13.176,13.119,17.043,13.759,175.390006229281
20230208125845.1,175.894006714225,-3.7703e-05,8.074e-06,14.446,13.196,13.145,17.02,13.706,175.894006714225
20230208125845.6,176.402000337839,-3.8879e-05,8.074e-06,14.448,13.223,13.174,17.028,13.663,176.402000337839
20230208125846.1,176.887000724673,-1.8263e-05,6.584e-06,14.446,13.235,13.196,17.014,13.64,176.887000724673
20230208125846.6,177.387008070946,-2.5632e-05,8.23e-06,14.436,13.26,13.19,17.01,13.634,177.387008070946
20230208125847.1,177.894005924463,-2.2731e-05,7.368e-06,14.442,13.288,13.235,17.004,13.651,177.894005924463
20230208125847.6,178.394003212452,-3.8251e-05,7.995e-06,14.461,13.299,13.237,17.004,13.65,178.394003212452
20230208125848.1,178.906000033021,-4.2327e-05,8.622e-06,14.461,13.317,13.25,16.987,13.661,178.906000033021
20230208125848.6,179.406007379293,-4.0995e-05,1.0033e-05,14.467,13.337,13.276,17.012,13.657,179.406007379293
20230208125849.1,179.914001002908,-4.3582e-05,7.917e-06,14.471,13.376,13.323,17,13.651,179.914001002908
20230208125849.6,180.410005152225,-4.0916e-05,5.8e-06,14.479,13.376,13.321,16.983,13.659,180.410005152225
20230208125850.1,180.91799877584,-4.3738e-05,7.29e-06,14.465,13.401,13.331,16.981,13.655,180.91799877584
20230208125850.6,181.406006589532,-3.8879e-05,8.544e-06,14.483,13.432,13.366,16.973,13.644,181.406006589532
20230208125851.1,181.922006607056,-4.4679e-05,7.446e-06,14.461,13.46,13.395,16.946,13.673,181.922006607056
20230208125851.6,182.422003895044,-3.8251e-05,7.368e-06,14.489,13.46,13.411,16.957,13.708,182.422003895044
20230208125852.1,182.937008142471,-4.6168e-05,7.917e-06,14.473,13.491,13.423,16.934,13.739,182.937008142471
20230208125852.6,183.452998101711,-4.7187e-05,9.955e-06,14.481,13.52,13.45,16.946,13.736,183.452998101711
20230208125853.1,183.956998586655,-3.2686e-05,8.465e-06,14.469,13.532,13.475,16.93,13.734,183.956998586655
20230208125853.6,184.453002735972,-3.8957e-05,8.936e-06,14.491,13.536,13.497,16.936,13.769,184.453002735972
20230208125854.1,184.953000023961,-4.4522e-05,8.152e-06,14.475,13.565,13.511,16.946,13.8,184.953000023961
20230208125854.6,185.457000508904,-4.2954e-05,1.0425e-05,14.487,13.581,13.54,16.953,13.812,185.457000508904
20230208125855.1,185.973000526428,-4.9147e-05,7.995e-06,14.475,13.618,13.558,16.94,13.826,185.973000526428
20230208125855.7,186.479998379946,-4.9774e-05,8.701e-06,14.489,13.636,13.579,16.938,13.857,186.479998379946
20230208125856.1,186.96499876678,-4.7658e-05,8.622e-06,14.477,13.661,13.603,16.938,13.873,186.96499876678
20230208125856.6,187.475999817252,-5.2361e-05,8.701e-06,14.491,13.661,13.612,16.922,13.871,187.475999817252
20230208125857.1,187.976007163525,-4.3503e-05,9.093e-06,14.504,13.702,13.638,16.953,13.841,187.976007163525
20230208125857.7,188.492007181048,-3.6919e-05,7.917e-06,14.502,13.718,13.673,16.914,13.857,188.492007181048
20230208125858.2,189.023004099727,-4.6011e-05,8.152e-06,14.5,13.732,13.681,16.942,13.874,189.023004099727
20230208125858.7,189.508004486561,-4.3738e-05,7.917e-06,14.502,13.751,13.706,16.916,13.923,189.508004486561
20230208125859.2,190.019005537033,-3.8016e-05,8.23e-06,14.471,13.792,13.726,16.934,13.919,190.019005537033
20230208125859.8,190.637006610632,-5.0636e-05,7.211e-06,14.485,13.816,13.757,16.938,13.927,190.637006610632
20230208125900.3,191.137003898621,-4.3817e-05,7.917e-06,14.433,13.774,13.708,16.849,13.856,191.137003898621
20230208125900.8,191.639998555183,-3.2451e-05,9.093e-06,14.42,13.788,13.727,16.869,13.874,191.639998555183
20230208125901.3,192.140005901456,-3.7076e-05,8.309e-06,14.43,13.829,13.741,16.873,13.911,192.140005901456
20230208125901.8,192.640003189445,-3.1902e-05,1.0033e-05,14.42,13.837,13.782,16.859,13.921,192.640003189445
20230208125902.3,193.140000477433,-3.2451e-05,8.857e-06,14.445,13.852,13.794,16.847,13.94,193.140000477433
20230208125902.8,193.644000962377,-3.3627e-05,6.976e-06,14.449,13.876,13.79,16.836,13.964,193.644000962377
20230208125903.3,194.144008308649,-3.9898e-05,8.544e-06,14.459,13.878,13.833,16.857,13.98,194.144008308649
20230208125903.8,194.647998735309,-4.2249e-05,6.427e-06,14.431,13.913,13.858,16.851,13.98,194.647998735309
20230208125904.3,195.148006081581,-4.7736e-05,7.446e-06,14.435,13.933,13.872,16.853,13.993,195.148006081581
20230208125904.8,195.64800336957,-4.5306e-05,8.465e-06,14.449,13.952,13.895,16.841,14.032,195.64800336957
20230208125905.3,196.152003854513,-3.3548e-05,8.387e-06,14.439,13.97,13.913,16.83,14.07,196.152003854513
20230208125905.8,196.660007536411,-3.8016e-05,7.838e-06,14.459,13.991,13.944,16.828,13.976,196.660007536411
20230208125906.3,197.1600048244,-1.0033e-05,7.055e-06,14.441,14.009,13.96,16.853,13.958,197.1600048244
20230208125906.8,197.660002112389,-3.2921e-05,8.465e-06,14.443,14.04,13.966,16.81,13.938,197.660002112389
20230208125907.3,198.159999400377,-2.1007e-05,-3.606e-06,14.457,14.021,14.005,16.849,13.964,198.159999400377
20230208125907.8,198.66000674665,-3.0962e-05,8.309e-06,14.443,14.079,14.019,16.83,14.04,198.66000674665
20230208125908.3,199.160004034638,-2.5632e-05,9.563e-06,14.439,14.118,14.025,16.83,14.075,199.160004034638
20230208125908.8,199.668007716537,-2.2418e-05,7.917e-06,14.445,14.111,14.062,16.826,14.083,199.668007716537
20230208125909.4,200.180004537106,-4.4052e-05,6.584e-06,14.48,14.122,14.072,16.818,14.101,200.180004537106
20230208125909.8,200.668002292514,-3.8408e-05,7.917e-06,14.471,14.146,14.095,16.832,14.052,200.668002292514
20230208125910.3,201.160003244877,-3.4489e-05,7.133e-06,14.467,14.179,14.115,16.839,14.021,201.160003244877
20230208125910.9,201.691000163555,-3.5822e-05,8.936e-06,14.453,14.199,14.132,16.828,13.999,201.691000163555
20230208125911.4,202.191007509828,-2.2418e-05,8.074e-06,14.445,14.222,14.162,16.828,13.987,202.191007509828
20230208125911.9,202.699001133442,-3.4881e-05,8.074e-06,14.455,14.248,14.179,16.826,13.968,202.699001133442
20230208125912.4,203.183005750179,-2.9786e-05,8.936e-06,14.476,14.244,14.191,16.802,13.929,203.183005750179
20230208125912.9,203.683003038168,-2.8845e-05,8.465e-06,14.459,14.277,14.22,16.8,13.876,203.683003038168
20230208125913.4,204.199003055692,-3.0021e-05,7.133e-06,14.453,14.302,14.238,16.808,13.884,204.199003055692
20230208125913.9,204.715003073215,-2.8453e-05,8.309e-06,14.459,14.326,14.261,16.802,13.878,204.715003073215
20230208125914.4,205.215000361204,-2.0145e-05,7.133e-06,14.484,14.334,14.3,16.775,13.895,205.215000361204
20230208125914.9,205.715007707477,-2.3358e-05,6.976e-06,14.474,14.351,14.302,16.773,13.917,205.715007707477
20230208125915.4,206.234005093575,-4.1465e-05,9.328e-06,14.474,14.367,14.328,16.767,13.895,206.234005093575
20230208125915.9,206.734002381563,-3.9035e-05,7.29e-06,14.488,14.396,14.349,16.781,13.874,206.734002381563
20230208125916.4,207.233999669552,-1.9596e-05,6.898e-06,14.484,14.428,14.363,16.783,13.866,207.233999669552
20230208125916.9,207.734007015824,-2.908e-05,8.074e-06,14.496,14.447,14.39,16.763,13.858,207.734007015824
20230208125917.4,208.234004303813,-2.7356e-05,6.506e-06,14.478,14.453,14.4,16.734,13.86,208.234004303813
20230208125917.9,208.742007985711,-3.4567e-05,8.465e-06,14.488,14.467,14.42,16.734,13.868,208.742007985711
20230208125918.4,209.2420052737,-3.4724e-05,6.584e-06,14.474,14.48,14.42,16.746,13.88,209.2420052737
20230208125918.9,209.754002094269,-4.0368e-05,7.446e-06,14.469,14.5,14.449,16.712,13.903,209.754002094269
20230208125919.4,210.265998914838,-4.4836e-05,7.682e-06,14.498,14.531,14.469,16.699,13.884,210.265998914838
20230208125919.9,210.76600626111,-3.4959e-05,6.114e-06,14.51,14.553,14.496,16.691,13.866,210.76600626111
20230208125920.4,211.269000917673,-4.0054e-05,7.76e-06,14.508,14.557,14.521,16.697,13.843,211.269000917673
20230208125920.9,211.777004599571,-4.2249e-05,7.76e-06,14.492,14.572,14.525,16.677,13.823,211.777004599571
20230208125921.4,212.262004986405,-3.8722e-05,7.917e-06,14.51,14.584,14.535,16.671,13.827,212.262004986405
20230208125921.9,212.773006036878,-4.3268e-05,8.387e-06,14.516,14.625,14.566,16.677,13.804,212.773006036878
20230208125922.4,213.258006423712,-4.6952e-05,6.976e-06,14.525,14.627,14.564,16.656,13.794,213.258006423712
20230208125922.9,213.7580037117,-4.1622e-05,7.603e-06,14.508,14.651,14.604,16.64,13.794,213.7580037117
20230208125923.4,214.254007861018,-4.4522e-05,6.741e-06,14.508,14.649,14.615,16.646,13.762,214.254007861018
20230208125923.9,214.750001952052,-3.9427e-05,6.663e-06,14.531,14.68,14.637,16.652,13.749,214.750001952052
20230208125924.4,215.254002436996,-4.8677e-05,8.857e-06,14.51,14.709,14.651,16.628,13.694,215.254002436996
20230208125924.9,215.750006586313,-4.6482e-05,8.779e-06,14.523,14.707,14.654,16.62,13.688,215.750006586313
20230208125925.4,216.262003406882,-4.9304e-05,6.819e-06,14.519,14.729,14.68,16.613,13.657,216.262003406882
20230208125925.9,216.766003891826,-3.6213e-05,8.387e-06,14.529,14.752,14.705,16.616,13.627,216.766003891826
20230208125926.4,217.262008041143,-4.3817e-05,8.936e-06,14.527,14.756,14.698,16.603,13.608,217.262008041143
20230208125926.9,217.765998467803,-4.7266e-05,8.152e-06,14.529,14.766,14.735,16.605,13.59,217.765998467803
20230208125927.4,218.257999420166,-4.3738e-05,7.055e-06,14.535,14.807,14.754,16.591,13.569,218.257999420166
20230208125927.9,218.761999905109,-4.4444e-05,7.917e-06,14.535,14.825,14.768,16.597,13.543,218.761999905109
20230208125928.4,219.262007251382,-4.7736e-05,7.055e-06,14.533,14.817,14.787,16.575,13.524,219.262007251382
20230208125928.9,219.758001342416,-4.5071e-05,5.722e-06,14.527,14.821,14.735,16.525,13.446,219.758001342416
20230208125929.4,220.257998630404,-2.7983e-05,5.409e-06,14.469,14.798,14.753,16.513,13.44,220.257998630404
20230208125929.9,220.758005976677,-3.0727e-05,5.252e-06,14.483,14.804,14.762,16.523,13.415,220.758005976677
20230208125930.4,221.254000067711,-4.3582e-05,6.506e-06,14.491,14.806,14.78,16.521,13.403,221.254000067711
20230208125930.9,221.758000552654,-4.366e-05,8.309e-06,14.473,14.833,14.766,16.509,13.421,221.758000552654
20230208125931.4,222.273004800081,-3.9427e-05,7.368e-06,14.481,14.835,14.807,16.502,13.381,222.273004800081
20230208125931.9,222.766001522541,-2.6572e-05,2.43e-06,14.495,14.852,14.809,16.502,13.387,222.766001522541
20230208125932.4,223.26599881053,-4.4914e-05,7.368e-06,14.489,14.872,14.835,16.523,13.37,223.26599881053
20230208125932.9,223.766006156802,-4.1857e-05,2.9e-06,14.502,14.901,14.854,16.521,13.366,223.766006156802
20230208125933.5,224.289006739855,-4.8206e-05,6.976e-06,14.5,14.903,14.874,16.519,13.325,224.289006739855
20230208125934,224.781007692218,-4.7971e-05,7.133e-06,14.502,14.925,14.878,16.5,13.319,224.781007692218
20230208125934.5,225.297007709742,-5.2125e-05,5.879e-06,14.485,14.931,14.907,16.502,13.293,225.297007709742
20230208125935,225.79700499773,-4.5463e-05,6.663e-06,14.512,14.937,14.909,16.486,13.29,225.79700499773
20230208125935.5,226.297002285719,-4.5071e-05,8.465e-06,14.51,14.954,14.915,16.476,13.27,226.297002285719
20230208125936,226.796999573708,-4.3973e-05,6.584e-06,14.496,14.97,14.925,16.457,13.284,226.796999573708
20230208125936.5,227.305003255606,-5.3771e-05,8.23e-06,14.491,14.984,14.929,16.458,13.317,227.305003255606
20230208125937,227.789007872343,-4.6717e-05,7.682e-06,14.52,14.985,14.954,16.453,13.368,227.789007872343
20230208125937.5,228.289005160332,-4.4287e-05,1.019e-05,14.514,15.011,14.968,16.457,13.45,228.289005160332
20230208125938,228.78900244832,-4.5541e-05,8.779e-06,14.512,15.021,14.985,16.441,13.47,228.78900244832
20230208125938.6,229.394008219242,-5.0166e-05,7.055e-06,14.504,15.044,14.978,16.427,13.534,229.394008219242
20230208125939.1,229.922007769346,-4.6639e-05,7.29e-06,14.518,15.046,15.011,16.439,13.62,229.922007769346
20230208125939.6,230.441005155444,-4.0525e-05,8.074e-06,14.526,15.044,15.023,16.458,13.616,230.441005155444
20230208125940.1,230.945005640388,-4.3503e-05,8.387e-06,14.536,15.072,15.038,16.46,13.622,230.945005640388
20230208125940.6,231.437006592751,-4.9931e-05,7.603e-06,14.52,15.083,15.04,16.455,13.577,231.437006592751
20230208125941.3,232.082004100084,-4.4365e-05,8.544e-06,14.528,15.109,15.075,16.449,13.548,232.082004100084
20230208125941.8,232.582001388073,-4.319e-05,9.014e-06,14.526,15.115,15.068,16.453,13.513,232.582001388073
20230208125942.3,233.090005069971,-3.9506e-05,8.23e-06,14.51,15.117,15.101,16.441,13.513,233.090005069971
20230208125942.9,233.737999945879,-4.3111e-05,8.779e-06,14.532,15.12,15.089,16.464,13.495,233.737999945879
20230208125943.4,234.246003627777,-3.9584e-05,7.838e-06,14.53,15.162,15.12,16.464,13.46,234.246003627777
20230208125943.9,234.762003645301,-3.5508e-05,6.271e-06,14.53,15.154,15.132,16.447,13.485,234.762003645301
20230208125944.4,235.269001498818,-4.6952e-05,8.701e-06,14.538,15.158,15.134,16.476,13.501,235.269001498818
20230208125944.9,235.777005180717,-3.2137e-05,1.0033e-05,14.524,15.177,15.169,16.464,13.485,235.777005180717
20230208125945.5,236.28100566566,-3.8016e-05,7.917e-06,14.555,15.199,15.162,16.453,13.503,236.28100566566
20230208125946,236.805002018809,-3.9506e-05,6.427e-06,14.534,15.195,15.167,16.482,13.509,236.805002018809
20230208125946.5,237.311999872327,-4.4444e-05,7.446e-06,14.555,15.216,15.177,16.468,13.514,237.311999872327
20230208125947,237.83600628376,-3.9662e-05,8.622e-06,14.54,15.222,15.177,16.464,13.53,237.83600628376
20230208125947.5,238.343999907374,-4.0681e-05,6.271e-06,14.547,15.199,15.197,16.476,13.565,238.343999907374
20230208125948,238.840004056692,-4.3503e-05,7.838e-06,14.54,15.244,15.201,16.476,13.608,238.840004056692
20230208125948.5,239.344004541636,-4.2171e-05,8.387e-06,14.543,15.24,15.212,16.466,13.657,239.344004541636
20230208125949.1,239.879004657269,-4.7736e-05,7.368e-06,14.551,15.248,15.232,16.486,13.687,239.879004657269
20230208125949.6,240.414004772902,-1.9674e-05,7.29e-06,14.543,15.269,15.224,16.462,13.694,240.414004772902
20230208125950.1,240.973003953695,-4.3268e-05,8.387e-06,14.569,15.267,15.275,16.466,13.739,240.973003953695
20230208125950.7,241.527004167438,-1.5912e-05,6.271e-06,14.543,15.255,15.248,16.468,13.771,241.527004167438
20230208125951.2,242.039000988007,-3.9114e-05,4.86e-06,14.565,15.283,15.277,16.47,13.802,242.039000988007
20230208125951.7,242.55500100553,-2.9864e-05,6.819e-06,14.565,15.293,15.277,16.46,13.804,242.55500100553
20230208125952.2,243.066002056003,-3.0962e-05,7.838e-06,14.561,15.298,15.293,16.464,13.841,243.066002056003
20230208125952.7,243.570002540946,-3.6213e-05,8.152e-06,14.571,15.33,15.287,16.472,13.839,243.570002540946
20230208125953.3,244.093998894095,-5.3144e-05,7.368e-06,14.514,15.255,15.245,16.393,13.807,244.093998894095
20230208125953.8,244.594006240368,-3.8173e-05,9.249e-06,14.525,15.245,15.253,16.399,13.798,244.594006240368
20230208125954.3,245.120999962091,-2.8218e-05,3.841e-06,14.514,15.286,15.253,16.384,13.794,245.120999962091
20230208125954.8,245.636999979615,-4.2484e-05,7.838e-06,14.515,15.288,15.273,16.421,13.817,245.636999979615
20230208125955.3,246.168006956577,-3.9819e-05,7.211e-06,14.515,15.269,15.273,16.427,13.829,246.168006956577
20230208125955.9,246.68300114572,-1.7245e-05,8.701e-06,14.533,15.276,15.263,16.391,13.792,246.68300114572
20230208125956.4,247.207007557154,-4.1622e-05,3.998e-06,14.525,15.282,15.282,16.399,13.815,247.207007557154
20230208125956.9,247.729998081923,-3.7389e-05,7.838e-06,14.525,15.302,15.274,16.382,13.833,247.729998081923
20230208125957.4,248.26900139451,-4.6717e-05,8.857e-06,14.515,15.306,15.298,16.366,13.86,248.26900139451
20230208125958,248.781008273363,-4.7109e-05,7.446e-06,14.517,15.331,15.304,16.366,13.803,248.781008273363
20230208125958.4,249.277002364397,-3.3235e-05,8.23e-06,14.525,15.319,15.319,16.372,13.796,249.277002364397
20230208125959,249.805001914501,-3.927e-05,4.86e-06,14.523,15.329,15.331,16.337,13.817,249.805001914501
20230208125959.5,250.311999768019,-2.7591e-05,6.741e-06,14.545,15.321,15.337,16.346,13.845,250.311999768019
20230208125960,250.812007114291,-3.4959e-05,8.23e-06,14.529,15.325,15.333,16.331,13.854,250.812007114291
20230208130000.5,251.31200440228,-3.8487e-05,8.544e-06,14.531,15.333,15.339,16.321,13.841,251.31200440228
20230208130001,251.816004887223,-2.5161e-05,8.857e-06,14.529,15.345,15.343,16.317,13.833,251.816004887223
20230208130001.5,252.332004904747,-1.842e-05,9.72e-06,14.527,15.339,15.357,16.298,13.862,252.332004904747
20230208130002,252.848004922271,-3.4411e-05,9.876e-06,14.547,15.357,15.357,16.313,13.856,252.848004922271
20230208130002.5,253.350999578834,-2.908e-05,7.995e-06,14.553,15.372,15.364,16.3,13.821,253.350999578834
20230208130003,253.847999498248,-2.375e-05,8.544e-06,14.551,15.378,15.37,16.294,13.774,253.847999498248
20230208130003.5,254.351004213095,-3.5665e-05,9.249e-06,14.545,15.372,15.39,16.305,13.739,254.351004213095
20230208130004,254.851001501083,-3.8016e-05,9.72e-06,14.549,15.374,15.382,16.278,13.739,254.851001501083
20230208130004.5,255.359005182981,-3.6841e-05,7.838e-06,14.545,15.392,15.384,16.28,13.735,255.359005182981
20230208130005,255.863005667925,-4.5149e-05,8.074e-06,14.543,15.394,15.4,16.27,13.782,255.863005667925
20230208130005.5,256.367006152868,-3.5822e-05,1.019e-05,14.576,15.406,15.396,16.262,13.768,256.367006152868
20230208130006.1,256.883006170392,-4.7971e-05,6.036e-06,14.56,15.38,15.415,16.262,13.684,256.883006170392
20230208130006.6,257.383003458381,-3.9898e-05,6.036e-06,14.574,15.396,15.4,16.251,13.672,257.383003458381
20230208130007.1,257.883000746369,-3.9506e-05,6.819e-06,14.557,15.4,15.419,16.245,13.737,257.883000746369
20230208130007.6,258.379004895687,-4.2171e-05,8.936e-06,14.574,15.415,15.413,16.227,13.757,258.379004895687
20230208130008.1,258.879002183676,-3.8408e-05,8.309e-06,14.57,15.4,15.415,16.208,13.76,258.879002183676
20230208130008.6,259.378999471664,-3.347e-05,4.546e-06,14.562,15.411,15.409,16.2,13.77,259.378999471664
20230208130009.1,259.882999956608,-2.5632e-05,7.446e-06,14.568,15.425,15.431,16.221,13.815,259.882999956608
20230208130009.6,260.390007868409,-4.5541e-05,7.133e-06,14.574,15.421,15.431,16.237,13.821,260.390007868409
20230208130010.1,260.906007885933,-3.1667e-05,9.563e-06,14.574,15.415,15.435,16.217,13.766,260.906007885933
20230208130010.6,261.406005173922,-4.076e-05,8.23e-06,14.576,15.409,15.433,16.208,13.725,261.406005173922
20230208130011.1,261.90600246191,-3.6135e-05,8.074e-06,14.58,15.423,15.439,16.213,13.694,261.90600246191
20230208130011.6,262.405999749899,-3.8173e-05,9.093e-06,14.596,15.454,15.433,16.208,13.69,262.405999749899
20230208130012.1,262.906007096171,-3.4724e-05,7.525e-06,14.588,15.417,15.447,16.21,13.713,262.906007096171
20230208130012.6,263.410007581115,-4.0133e-05,7.133e-06,14.574,15.441,15.454,16.206,13.745,263.410007581115
20230208130013.1,263.910004869103,-4.2327e-05,7.29e-06,14.598,15.421,15.449,16.192,13.774,263.910004869103
20230208130013.6,264.417998492718,-4.8912e-05,7.211e-06,14.602,15.425,15.451,16.186,13.788,264.417998492718
20230208130014.1,264.914002642035,-3.4881e-05,6.114e-06,14.594,15.433,15.454,16.194,13.776,264.914002642035
20230208130014.6,265.413999930024,-3.5822e-05,1.0112e-05,14.594,15.447,15.451,16.178,13.747,265.413999930024
20230208130015.1,265.926006808877,-3.8408e-05,8.779e-06,14.588,15.46,15.462,16.182,13.741,265.926006808877
20230208130015.6,266.433004662395,-3.5116e-05,8.701e-06,14.609,15.458,15.476,16.165,13.723,266.433004662395
20230208130016.1,266.937005147338,-4.0054e-05,7.682e-06,14.611,15.454,15.47,16.17,13.76,266.937005147338
20230208130016.6,267.444998770952,-4.4914e-05,8.387e-06,14.604,15.456,15.474,16.165,13.786,267.444998770952
20230208130017.1,267.945006117225,-4.6011e-05,8.779e-06,14.594,15.452,15.484,16.166,13.796,267.945006117225
20230208130017.6,268.457002937794,-4.0368e-05,9.171e-06,14.619,15.447,15.456,16.139,13.782,268.457002937794
20230208130018.2,268.984006717801,-4.2954e-05,8.857e-06,14.596,15.456,15.482,16.131,13.805,268.984006717801
20230208130018.6,269.473000243306,-3.8095e-05,7.368e-06,14.6,15.456,15.478,16.12,13.848,269.473000243306
20230208130019.1,269.973007589579,-4.1779e-05,6.819e-06,14.625,15.451,15.466,16.139,13.874,269.973007589579
20230208130019.7,270.480005443096,-3.7389e-05,8.779e-06,14.625,15.416,15.426,16.077,13.8,270.480005443096
20230208130020.2,270.999998599291,-3.6684e-05,8.074e-06,14.567,15.39,15.414,16.057,13.792,270.999998599291
20230208130020.7,271.522999182343,-3.4724e-05,7.682e-06,14.573,15.388,15.406,16.05,13.745,271.522999182343
20230208130021.3,272.090004757047,-3.9349e-05,9.563e-06,14.551,15.4,15.41,16.052,13.743,272.090004757047
20230208130021.8,272.590002045035,-4.3738e-05,1.1052e-05,14.569,15.406,15.418,16.055,13.726,272.590002045035
20230208130022.3,273.101003095508,-4.609e-05,9.563e-06,14.588,15.416,15.418,16.052,13.651,273.101003095508
20230208130022.8,273.612999916077,-3.104e-05,7.446e-06,14.592,15.388,15.418,16.044,13.608,273.612999916077
20230208130023.3,274.109004065394,-4.7971e-05,7.525e-06,14.581,15.406,15.43,16.034,13.583,274.109004065394
20230208130023.8,274.633000418544,-3.9506e-05,7.76e-06,14.584,15.4,15.431,16.03,13.569,274.633000418544
20230208130024.3,275.117005035281,-4.2954e-05,7.995e-06,14.602,15.406,15.418,16.042,13.554,275.117005035281
20230208130024.8,275.61700232327,-4.5933e-05,8.465e-06,14.583,15.4,15.431,16.03,13.509,275.61700232327
20230208130025.3,276.113006472588,-5.1969e-05,9.171e-06,14.575,15.402,15.43,16.03,13.495,276.113006472588
20230208130025.8,276.625003293157,-2.814e-05,8.622e-06,14.59,15.404,15.424,16.03,13.481,276.625003293157
20230208130026.3,277.125000581145,-3.7389e-05,6.819e-06,14.586,15.39,15.43,16.028,13.43,277.125000581145
20230208130026.8,277.625007927418,-5.2831e-05,7.211e-06,14.596,15.406,15.424,16.042,13.421,277.625007927418
20230208130027.3,278.137004747987,-4.3973e-05,6.741e-06,14.581,15.39,15.441,16.048,13.395,278.137004747987
20230208130027.8,278.65199893713,-4.5855e-05,7.917e-06,14.602,15.402,15.426,16.026,13.344,278.65199893713
20230208130028.3,279.152006283402,-3.8957e-05,7.525e-06,14.588,15.402,15.422,16.032,13.333,279.152006283402
20230208130028.9,279.680005833507,-3.9192e-05,7.995e-06,14.594,15.414,15.43,16.036,13.305,279.680005833507
20230208130029.4,280.191006883979,-4.7422e-05,6.192e-06,14.612,15.406,15.43,16.018,13.309,280.191006883979
20230208130029.9,280.699000507593,-4.6717e-05,7.133e-06,14.616,15.41,15.431,16.026,13.297,280.699000507593
20230208130030.4,281.187008321285,-5.1342e-05,8.779e-06,14.616,15.416,15.428,16.03,13.299,281.187008321285
20230208130030.9,281.6950019449,-4.3346e-05,1.1131e-05,14.614,15.398,15.428,16.018,13.286,281.6950019449
20230208130031.4,282.180002331734,-4.1857e-05,5.8e-06,14.616,15.416,15.433,16.036,13.319,282.180002331734
20230208130031.9,282.691003382206,-4.5541e-05,6.976e-06,14.614,15.404,15.428,16.01,13.295,282.691003382206
20230208130032.4,283.191000670195,-4.2876e-05,9.641e-06,14.614,15.416,15.433,16.001,13.288,283.191000670195
20230208130032.9,283.687004819512,-4.0838e-05,8.701e-06,14.631,15.406,15.433,16.028,13.28,283.687004819512
20230208130033.4,284.187002107501,-4.8755e-05,1.0895e-05,14.624,15.412,15.437,16.02,13.274,284.187002107501
20230208130033.9,284.695005789399,-4.8677e-05,8.779e-06,14.618,15.396,15.449,16.02,13.254,284.695005789399
20230208130034.4,285.195003077388,-4.4365e-05,8.544e-06,14.635,15.424,15.433,16.007,13.239,285.195003077388
20230208130034.9,285.691007226706,-3.7781e-05,7.838e-06,14.629,15.402,15.441,15.973,13.215,285.691007226706
20230208130035.4,286.191004514694,-3.59e-05,8.544e-06,14.627,15.404,15.441,15.979,13.215,286.191004514694
20230208130035.9,286.691001802683,-3.7703e-05,8.387e-06,14.631,15.402,15.437,15.991,13.198,286.691001802683
20230208130036.4,287.187005952001,-4.2641e-05,8.465e-06,14.645,15.412,15.428,15.962,13.188,287.187005952001
20230208130036.9,287.687003239989,-4.5463e-05,9.641e-06,14.641,15.41,15.441,15.946,13.188,287.687003239989
20230208130037.4,288.199000060558,-4.3033e-05,7.76e-06,14.633,15.408,15.433,15.954,13.172,288.199000060558
20230208130037.9,288.707003742456,-4.3503e-05,8.152e-06,14.641,15.39,15.439,15.95,13.166,288.707003742456
20230208130038.4,289.22300375998,-4.4444e-05,8.544e-06,14.639,15.414,15.443,15.958,13.184,289.22300375998
20230208130038.9,289.723001047969,-4.076e-05,7.446e-06,14.649,15.4,15.426,15.952,13.168,289.723001047969
20230208130039.4,290.226005762815,-4.0446e-05,8.152e-06,14.645,15.396,15.437,15.962,13.168,290.226005762815
20230208130039.9,290.742005780339,-4.3425e-05,6.584e-06,14.639,15.406,15.43,15.96,13.19,290.742005780339
20230208130040.4,291.249999403954,-3.4254e-05,8.701e-06,14.639,15.404,15.449,15.952,13.221,291.249999403954
20230208130040.9,291.758003085852,-4.0525e-05,8.779e-06,14.647,15.42,15.428,15.942,13.235,291.758003085852
20230208130041.4,292.273007333279,-2.0772e-05,8.701e-06,14.647,15.422,15.43,15.956,13.258,292.273007333279
20230208130041.9,292.773004621267,-1.9439e-05,1.019e-05,14.647,15.402,15.42,15.952,13.327,292.773004621267
20230208130042.5,293.289004638791,-2.6729e-05,8.23e-06,14.605,15.341,15.406,15.887,13.299,293.289004638791
20230208130043,293.805004656315,-2.3594e-05,8.701e-06,14.586,15.333,15.368,15.895,13.309,293.805004656315
20230208130043.5,294.305001944304,-2.3986e-05,8.544e-06,14.592,15.341,15.38,15.887,13.324,294.305001944304
20230208130044,294.804999232292,-1.9047e-05,8.387e-06,14.576,15.366,15.38,15.908,13.295,294.804999232292
20230208130044.5,295.30100338161,-1.4893e-05,8.544e-06,14.594,15.345,15.384,15.908,13.275,295.30100338161
20230208130045,295.812004432082,-4.4287e-05,7.838e-06,14.611,15.353,15.378,15.924,13.273,295.812004432082
20230208130045.5,296.319998055696,-2.132e-05,8.544e-06,14.609,15.327,15.392,15.922,13.238,296.319998055696
20230208130046,296.820005401969,-3.8879e-05,1.0112e-05,14.623,15.339,15.376,15.926,13.222,296.820005401969
20230208130046.5,297.324005886912,-3.5665e-05,9.955e-06,14.633,15.349,15.384,15.914,13.213,297.324005886912
20230208130047,297.824003174901,-3.9192e-05,6.427e-06,14.596,15.357,15.386,15.94,13.183,297.824003174901
20230208130047.5,298.328003659844,-4.6482e-05,7.682e-06,14.596,15.364,15.364,15.924,13.209,298.328003659844
20230208130048,298.859000578523,-4.0446e-05,8.23e-06,14.588,15.347,15.366,15.936,13.207,298.859000578523
20230208130048.5,299.344000965357,-2.7434e-05,9.563e-06,14.619,15.337,15.376,15.938,13.183,299.344000965357
20230208130049,299.843998253345,-4.3268e-05,7.525e-06,14.617,15.341,15.368,15.92,13.236,299.843998253345
20230208130049.5,300.344005599618,-5.0244e-05,6.741e-06,14.631,15.345,15.362,15.947,13.305,300.344005599618
20230208130050,300.844002887607,-4.5776e-05,7.368e-06,14.629,15.355,15.398,15.959,13.32,300.844002887607
20230208130050.5,301.351000741124,-3.9584e-05,7.29e-06,14.621,15.345,15.361,15.941,13.357,301.351000741124
20230208130051,301.848000660539,-3.9114e-05,8.074e-06,14.633,15.355,15.382,15.945,13.354,301.848000660539
20230208130051.5,302.348008006811,-3.7154e-05,9.563e-06,14.611,15.345,15.39,15.947,13.355,302.348008006811
20230208130052,302.863002195954,-3.4254e-05,5.33e-06,14.625,15.333,15.386,15.938,13.385,302.863002195954
20230208130052.5,303.362999483943,-3.2451e-05,5.879e-06,14.643,15.364,15.339,15.943,13.399,303.362999483943
20230208130053,303.851007297635,-3.394e-05,8.074e-06,14.647,15.341,15.361,15.94,13.426,303.851007297635
20230208130053.5,304.351004585624,-2.508e-06,-2.35e-07,14.641,15.345,15.372,15.961,13.438,304.351004585624
20230208130054,304.867004603148,-4.1544e-05,7.055e-06,14.635,15.339,15.37,15.953,13.451,304.867004603148
20230208130054.5,305.355002358556,-4.8128e-05,7.368e-06,14.641,15.335,15.38,15.947,13.479,305.355002358556
20230208130055,305.854999646544,-4.3973e-05,7.838e-06,14.656,15.341,15.361,15.957,13.475,305.854999646544
20230208130055.5,306.363003328443,-4.2563e-05,5.644e-06,14.633,15.331,15.364,15.934,13.504,306.363003328443
20230208130056,306.85900747776,-3.9662e-05,7.133e-06,14.639,15.329,15.351,15.945,13.522,306.85900747776
20230208130056.6,307.379000633955,-4.413e-05,-2.9394e-05,14.631,15.316,15.368,15.953,13.555,307.379000633955
20230208130057.1,307.879007980227,-3.104e-05,6.898e-06,14.641,15.327,15.347,15.936,13.537,307.879007980227
20230208130057.6,308.379005268216,-2.7434e-05,4.703e-06,14.645,15.341,15.374,15.947,13.551,308.379005268216
20230208130058.1,308.879002556205,-3.1589e-05,5.957e-06,14.648,15.31,15.368,15.943,13.561,308.879002556205
20230208130058.6,309.397999942303,-3.1589e-05,6.663e-06,14.656,15.327,15.357,15.947,13.553,309.397999942303
20230208130059.1,309.898007288575,-3.4097e-05,5.409e-06,14.652,15.321,15.355,15.955,13.563,309.898007288575
20230208130059.6,310.402007773519,-2.6024e-05,5.879e-06,14.662,15.319,15.362,15.951,13.524,310.402007773519
20230208130100.1,310.914004594088,-3.2843e-05,5.095e-06,14.652,15.31,15.335,15.947,13.488,310.914004594088
20230208130100.6,311.422008275986,-3.3e-05,5.173e-06,14.65,15.3,15.355,15.953,13.49,311.422008275986
20230208130101.1,311.922005563974,-3.5273e-05,6.192e-06,14.647,15.312,15.362,15.936,13.451,311.922005563974
20230208130101.6,312.436999753118,-2.9472e-05,6.114e-06,14.676,15.308,15.351,15.957,13.432,312.436999753118
20230208130102.1,312.941000238061,-3.5822e-05,7.211e-06,14.664,15.306,15.357,15.949,13.402,312.941000238061
20230208130102.6,313.437004387379,-3.2608e-05,4.781e-06,14.66,15.306,15.366,15.936,13.393,313.437004387379
20230208130103.1,313.922004774213,-3.2686e-05,7.682e-06,14.668,15.306,15.345,15.947,13.389,313.922004774213
20230208130103.6,314.433005824685,-3.786e-05,6.192e-06,14.672,15.304,15.366,15.938,13.385,314.433005824685
20230208130104.1,314.949005842209,-3.1118e-05,6.819e-06,14.66,15.321,15.333,15.938,13.379,314.949005842209
20230208130104.7,315.480002760887,-2.8297e-05,7.29e-06,14.692,15.306,15.337,15.932,13.361,315.480002760887
20230208130105.1,315.969006344676,-3.2294e-05,7.211e-06,14.672,15.31,15.333,15.914,13.381,315.969006344676
20230208130105.6,316.473006829619,-3.2216e-05,5.33e-06,14.678,15.31,15.341,15.938,13.373,316.473006829619
20230208130106.1,316.973004117608,-3.9427e-05,6.349e-06,14.697,15.294,15.321,15.928,13.346,316.973004117608
20230208130106.6,317.473001405597,-2.9943e-05,6.506e-06,14.721,15.298,15.345,15.932,13.344,317.473001405597
20230208130107.1,317.969005554914,-2.9002e-05,5.879e-06,14.74,15.312,15.335,15.92,13.33,317.969005554914
20230208130107.6,318.473006039858,-3.0099e-05,6.898e-06,14.752,15.302,15.325,15.93,13.307,318.473006039858
20230208130108.2,318.988000229001,-3.927e-05,6.114e-06,14.752,15.302,15.335,15.918,13.287,318.988000229001
20230208130108.7,319.496003910899,-3.1902e-05,6.114e-06,14.744,15.294,15.333,15.926,13.31,319.496003910899
20230208130109.2,319.984001666307,-3.4724e-05,5.8e-06,14.764,15.296,15.325,15.92,13.369,319.984001666307
20230208130109.7,320.483998954296,-3.1667e-05,6.349e-06,14.791,15.294,15.337,15.928,13.354,320.483998954296
20230208130110.2,320.984006300569,-2.9394e-05,6.819e-06,14.749,15.218,15.279,15.854,13.315,320.984006300569
20230208130110.7,321.491999924183,-3.2686e-05,6.036e-06,14.776,15.218,15.279,15.854,13.327,321.491999924183
20230208130111.2,321.988004073501,-3.7938e-05,5.33e-06,14.786,15.22,15.263,15.862,13.315,321.988004073501
20230208130111.7,322.496007755399,-3.9114e-05,6.271e-06,14.796,15.21,15.279,15.866,13.34,322.496007755399
20230208130112.2,322.984005510807,-2.9159e-05,6.741e-06,14.803,15.236,15.267,15.864,13.377,322.984005510807
20230208130112.7,323.484002798796,-3.151e-05,7.446e-06,14.811,15.238,15.267,15.872,13.397,323.484002798796
20230208130113.2,324.000002816319,-3.1432e-05,6.819e-06,14.817,15.246,15.255,15.866,13.383,324.000002816319
20230208130113.7,324.516002833843,-3.104e-05,6.584e-06,14.835,15.212,15.263,15.868,13.37,324.516002833843
20230208130114.2,325.016000121832,-2.9864e-05,6.663e-06,14.831,15.236,15.255,15.85,13.35,325.016000121832
20230208130114.7,325.527001172304,-3.3784e-05,6.036e-06,14.843,15.23,15.253,15.866,13.313,325.527001172304
20230208130115.2,326.026998460293,-3.3862e-05,5.33e-06,14.843,15.232,15.271,15.877,13.332,326.026998460293
20230208130115.7,326.527005806565,-3.1589e-05,6.349e-06,14.841,15.204,15.251,15.864,13.348,326.527005806565
20230208130116.2,327.04699896276,-2.9394e-05,6.114e-06,14.847,15.222,15.253,15.864,13.381,327.04699896276
20230208130116.7,327.574002742767,-2.7983e-05,6.114e-06,14.847,15.216,15.255,15.856,13.399,327.574002742767
20230208130117.2,328.058007359505,-3.5351e-05,7.525e-06,14.841,15.212,15.261,15.854,13.36,328.058007359505
20230208130117.7,328.574007377028,-3.3627e-05,7.603e-06,14.815,15.21,15.244,15.84,13.352,328.574007377028
20230208130118.2,329.074004665017,-3.5665e-05,5.565e-06,14.833,15.214,15.257,15.846,13.329,329.074004665017
20230208130118.7,329.574001953006,-3.4097e-05,6.584e-06,14.798,15.216,15.249,15.842,13.315,329.574001953006
20230208130119.2,330.073999240994,-3.394e-05,5.409e-06,14.805,15.201,15.236,15.827,13.332,330.073999240994
20230208130119.7,330.570003390312,-2.9394e-05,6.741e-06,14.803,15.199,15.248,15.848,13.332,330.570003390312
20230208130120.2,331.070000678301,-2.9237e-05,6.427e-06,14.78,15.208,15.24,15.83,13.317,331.070000678301
20230208130120.8,331.605000793934,-2.7356e-05,4.39e-06,14.811,15.199,15.253,15.838,13.293,331.605000793934
20230208130121.3,332.113004475832,-3.1354e-05,4.938e-06,14.809,15.185,15.251,15.854,13.276,332.113004475832
20230208130121.8,332.617004960775,-2.8924e-05,5.095e-06,14.809,15.201,15.253,15.834,13.252,332.617004960775
20230208130122.3,333.117002248764,-2.4613e-05,5.8e-06,14.803,15.21,15.244,15.832,13.233,333.117002248764
20230208130122.8,333.640002831817,-2.6964e-05,5.252e-06,14.821,15.208,15.242,15.825,13.221,333.640002831817
20230208130123.3,334.151999652386,-3.2451e-05,4.86e-06,14.821,15.187,15.248,15.848,13.192,334.151999652386
20230208130123.9,334.683006629348,-3.4332e-05,6.819e-06,14.792,15.199,15.242,15.83,13.207,334.683006629348
20230208130124.4,335.195003449917,-2.767e-05,5.8e-06,14.811,15.212,15.23,15.827,13.178,335.195003449917
20230208130124.9,335.691007599235,-3.0099e-05,6.898e-06,14.784,15.204,15.248,15.823,13.168,335.691007599235
20230208130125.4,336.191004887223,-2.6964e-05,7.368e-06,14.782,15.195,15.224,15.811,13.156,336.191004887223
20230208130125.9,336.691002175212,-3.1981e-05,6.271e-06,14.755,15.203,15.216,15.811,13.158,336.691002175212
20230208130126.4,337.190999463201,-3.8016e-05,6.036e-06,14.782,15.201,15.224,15.815,13.151,337.190999463201
20230208130126.9,337.691006809473,-3.2373e-05,7.29e-06,14.784,15.203,15.23,15.813,13.137,337.691006809473
20230208130127.4,338.219006359577,-2.9316e-05,6.663e-06,14.776,15.185,15.218,15.797,13.168,338.219006359577
20230208130127.9,338.703000918031,-3.347e-05,6.271e-06,14.764,15.189,15.234,15.778,13.18,338.703000918031
20230208130128.4,339.203008264303,-3.1667e-05,6.271e-06,14.774,15.183,15.236,15.778,13.16,339.203008264303
20230208130128.9,339.699002355337,-3.5038e-05,6.036e-06,14.786,15.187,15.228,15.78,13.154,339.699002355337
20230208130129.4,340.198999643326,-3.4959e-05,6.349e-06,14.784,15.185,15.218,15.778,13.156,340.198999643326
20230208130129.9,340.699006989598,-3.1432e-05,5.722e-06,14.803,15.216,15.249,15.764,13.174,340.699006989598
20230208130130.4,341.211003810167,-3.2137e-05,5.095e-06,14.792,15.212,15.214,15.762,13.19,341.211003810167
20230208130130.9,341.694998368621,-3.3705e-05,6.741e-06,14.786,15.179,15.218,15.768,13.194,341.694998368621
20230208130131.4,342.191002517939,-3.3784e-05,5.957e-06,14.821,15.181,15.228,15.766,13.223,342.191002517939
20230208130131.9,342.690999805927,-3.2686e-05,6.427e-06,14.798,15.193,15.232,15.752,13.239,342.690999805927
20230208130132.4,343.1910071522,-2.6651e-05,5.644e-06,14.805,15.199,15.224,15.768,13.268,343.1910071522
20230208130132.9,343.691004440188,-3.4803e-05,5.409e-06,14.788,15.193,15.224,15.756,13.311,343.691004440188
20230208130133.4,344.198998063803,-3.2373e-05,5.409e-06,14.798,15.179,15.228,15.756,13.342,344.198998063803
20230208130133.9,344.68300268054,-3.1589e-05,6.741e-06,14.78,15.189,15.22,15.737,13.383,344.68300268054
20230208130134.4,345.187003165483,-3.2294e-05,5.957e-06,14.796,15.185,15.224,15.764,13.393,345.187003165483
20230208130134.9,345.687000453472,-3.394e-05,6.349e-06,14.784,15.181,15.216,15.758,13.364,345.687000453472
20230208130135.4,346.187007799745,-3.0805e-05,5.565e-06,14.772,15.189,15.226,15.774,13.37,346.187007799745
20230208130135.9,346.687005087733,-3.0021e-05,6.036e-06,14.755,15.193,15.228,15.758,13.331,346.687005087733
20230208130136.4,347.211001440883,-2.814e-05,6.114e-06,14.753,15.185,15.212,15.752,13.315,347.211001440883
20230208130136.9,347.734002023935,-3.2216e-05,6.741e-06,14.753,15.179,15.228,15.758,13.293,347.734002023935
20230208130137.4,348.230006173253,-3.2529e-05,5.565e-06,14.733,15.179,15.21,15.768,13.293,348.230006173253
20230208130137.9,348.734006658196,-3.5038e-05,6.976e-06,14.753,15.173,15.212,15.746,13.321,348.734006658196
20230208130138.4,349.246003478765,-4.5071e-05,6.898e-06,14.739,15.167,15.203,15.774,13.28,349.246003478765
20230208130138.9,349.746000766754,-2.7199e-05,6.741e-06,14.753,15.175,15.204,15.764,13.374,349.746000766754
20230208130139.4,350.254004448652,-3.0962e-05,6.427e-06,14.743,15.167,15.199,15.752,13.395,350.254004448652
20230208130139.9,350.758004933596,-3.6605e-05,6.898e-06,14.723,15.181,15.208,15.762,13.473,350.758004933596
20230208130140.4,351.258002221584,-3.3862e-05,7.368e-06,14.735,15.156,15.214,15.742,13.524,351.258002221584
20230208130140.9,351.757999509573,-3.2843e-05,7.055e-06,14.729,15.173,15.214,15.744,14.193,351.757999509573
20230208130141.4,352.258006855845,-3.4175e-05,5.722e-06,14.743,15.173,15.203,15.74,14.236,352.258006855845
20230208130141.9,352.758004143834,-3.5508e-05,8.23e-06,14.733,15.161,15.189,15.739,14.138,352.758004143834
20230208130142.5,353.281004726887,-3.2294e-05,6.584e-06,14.733,15.167,15.195,15.752,14.084,353.281004726887
20230208130143,353.793001547456,-3.5743e-05,5.644e-06,14.76,15.183,15.193,15.758,14.001,353.793001547456
20230208130143.5,354.292998835444,-3.6135e-05,8.152e-06,14.768,15.158,15.204,15.737,13.935,354.292998835444
20230208130144,354.793006181717,-3.2765e-05,5.8e-06,14.772,15.171,15.204,15.746,13.925,354.793006181717
20230208130144.5,355.305003002286,-3.2373e-05,5.8e-06,14.774,15.161,15.212,15.685,13.796,355.305003002286
20230208130145,355.805000290275,-3.4567e-05,6.192e-06,14.713,15.098,15.155,15.689,13.782,355.805000290275
20230208130145.5,356.305007636547,-3.1432e-05,6.349e-06,14.717,15.1,15.145,15.671,13.76,356.305007636547
20230208130146,356.805004924536,-3.0962e-05,5.409e-06,14.715,15.102,15.126,15.683,13.766,356.805004924536
20230208130146.5,357.305002212524,-3.7703e-05,8.622e-06,14.717,15.1,15.128,15.679,13.774,357.305002212524
20230208130147,357.804999500513,-3.3392e-05,6.114e-06,14.721,15.116,15.149,15.679,13.743,357.804999500513
20230208130147.5,358.305006846786,-3.4254e-05,7.29e-06,14.719,15.094,15.139,15.66,13.747,358.305006846786
20230208130148,358.801000937819,-2.6337e-05,7.29e-06,14.711,15.1,15.134,15.668,13.739,358.801000937819
20230208130148.5,359.305001422763,-3.5273e-05,6.192e-06,14.736,15.094,15.135,15.675,13.733,359.305001422763
20230208130149,359.816002473235,-3.0648e-05,6.114e-06,14.733,15.1,15.139,15.673,13.713,359.816002473235
20230208130149.5,360.312006622553,-3.5978e-05,5.722e-06,14.733,15.116,15.141,15.662,13.741,360.312006622553
20230208130150,360.812003910542,-3.3235e-05,6.819e-06,14.752,15.102,15.135,15.63,13.756,360.812003910542
20230208130150.5,361.32000759244,-3.8016e-05,5.095e-06,14.77,15.096,15.139,15.642,13.788,361.32000759244
20230208130151,361.820004880428,-3.057e-05,6.192e-06,14.791,15.102,15.139,15.656,13.741,361.820004880428
20230208130151.5,362.320002168417,-3.3784e-05,7.682e-06,14.799,15.118,15.143,15.627,13.745,362.320002168417
20230208130152,362.831998988986,-3.8251e-05,7.603e-06,14.832,15.116,15.147,15.615,13.704,362.831998988986
20230208130152.5,363.332006335258,-3.0805e-05,6.271e-06,14.854,15.091,15.147,15.621,13.719,363.332006335258
20230208130153,363.832003623247,-3.6135e-05,7.368e-06,14.871,15.114,15.143,15.607,13.76,363.832003623247
20230208130153.5,364.332000911236,-3.1354e-05,6.584e-06,14.856,15.12,15.153,15.617,13.772,364.332000911236
20230208130154,364.831998199224,-3.5116e-05,8.779e-06,14.879,15.108,15.141,15.619,13.774,364.831998199224
20230208130154.5,365.335998684168,-4.4209e-05,7.446e-06,14.907,15.108,15.126,15.613,13.786,365.335998684168
20230208130155,365.844002366066,-3.4254e-05,7.838e-06,14.92,15.124,15.128,15.617,13.749,365.844002366066
20230208130155.5,366.348002851009,-3.4411e-05,6.427e-06,14.918,15.126,15.159,15.619,13.743,366.348002851009
20230208130156,366.848000138998,-3.1902e-05,6.741e-06,14.93,15.114,15.149,15.603,13.835,366.848000138998
20230208130156.5,367.354997992516,-3.4567e-05,6.427e-06,14.891,15.104,15.145,15.628,13.823,367.354997992516
20230208130157,367.855005338788,-3.6135e-05,6.349e-06,14.893,15.102,15.139,15.611,13.854,367.855005338788
20230208130157.5,368.355002626777,-3.6684e-05,5.644e-06,14.903,15.122,15.139,15.617,13.966,368.355002626777
20230208130158,368.854999914765,-3.0491e-05,6.506e-06,14.918,15.11,15.147,15.619,14.081,368.854999914765
20230208130158.5,369.370999932289,-3.1589e-05,5.173e-06,14.903,15.11,15.149,15.607,14.095,369.370999932289
20230208130159,369.855004549026,-3.2529e-05,6.506e-06,14.869,15.102,15.141,15.613,14.048,369.855004549026
20230208130159.5,370.363008230925,-3.5038e-05,5.565e-06,14.868,15.118,15.139,15.601,14.056,370.363008230925
20230208130200,370.871001854539,-3.7389e-05,5.644e-06,14.866,15.096,15.13,15.605,14.062,370.871001854539
20230208130200.6,371.379005536437,-3.8643e-05,7.29e-06,14.871,15.104,15.143,15.615,14.081,371.379005536437
20230208130201,371.874999627471,-3.3078e-05,6.819e-06,14.881,15.11,15.135,15.619,14.075,371.874999627471
20230208130201.5,372.375006973743,-3.3e-05,6.819e-06,14.873,15.091,15.137,15.625,14.093,372.375006973743
20230208130202,372.875004261732,-3.637e-05,5.957e-06,14.887,15.094,15.124,15.611,14.169,372.875004261732
20230208130202.5,373.375001549721,-3.8487e-05,6.036e-06,14.85,15.102,15.145,15.617,14.183,373.375001549721
20230208130203,373.874998837709,-3.7154e-05,6.506e-06,14.873,15.126,15.134,15.615,14.2,373.874998837709
20230208130203.5,374.375006183982,-3.394e-05,8.152e-06,14.873,15.092,15.126,15.628,14.202,374.375006183982
20230208130204.1,374.879006668925,-2.9316e-05,6.819e-06,14.879,15.098,15.135,15.601,14.202,374.879006668925
20230208130204.6,375.379003956914,-3.4881e-05,5.722e-06,14.887,15.108,15.116,15.621,14.146,375.379003956914
20230208130205.1,375.879001244903,-3.2529e-05,7.525e-06,14.875,15.096,15.126,15.623,14.152,375.879001244903
20230208130205.6,376.378998532891,-2.8375e-05,5.487e-06,14.893,15.102,15.143,15.615,14.157,376.378998532891
20230208130206.1,376.882999017835,-2.9629e-05,6.584e-06,14.895,15.1,15.12,15.605,14.134,376.882999017835
20230208130206.6,377.383006364107,-3.1902e-05,6.427e-06,14.903,15.098,15.137,15.603,14.134,377.383006364107
20230208130207.1,377.890004217625,-3.4881e-05,6.427e-06,14.905,15.094,15.132,15.589,14.132,377.890004217625
20230208130207.6,378.390001505613,-3.6292e-05,6.427e-06,14.901,15.104,15.134,15.597,14.15,378.390001505613
20230208130208.1,378.889998793602,-3.4175e-05,7.211e-06,14.873,15.094,15.116,15.617,14.167,378.889998793602
20230208130208.6,379.390006139874,-3.2608e-05,5.957e-06,14.846,15.094,15.112,15.613,14.181,379.390006139874
20230208130209.1,379.890003427863,-3.7311e-05,5.565e-06,14.848,15.087,15.13,15.597,14.228,379.890003427863
20230208130209.6,380.390000715852,-3.3e-05,6.427e-06,14.823,15.096,15.126,15.617,14.216,380.390000715852
20230208130210.1,380.890008062124,-3.1432e-05,6.349e-06,14.811,15.104,15.108,15.613,14.2,380.890008062124
20230208130210.6,381.405998021364,-3.394e-05,8.074e-06,14.801,15.081,15.132,15.609,14.22,381.405998021364
20230208130211.1,381.906005367637,-3.927e-05,8.622e-06,14.807,15.104,15.126,15.613,14.232,381.906005367637
20230208130211.6,382.406002655625,-3.2216e-05,7.133e-06,14.789,15.083,15.134,15.617,14.214,382.406002655625
20230208130212.1,382.905999943614,-3.8565e-05,5.879e-06,14.799,15.079,15.122,15.601,14.187,382.905999943614
20230208130212.6,383.406007289886,-3.4097e-05,7.446e-06,14.787,15.089,15.124,15.597,14.206,383.406007289886
20230208130213.1,383.914000913501,-3.4019e-05,5.644e-06,14.793,15.094,15.134,15.585,14.226,383.914000913501
20230208130213.6,384.414008259773,-2.9708e-05,6.271e-06,14.801,15.091,15.124,15.611,14.202,384.414008259773
20230208130214.1,384.914005547762,-3.1824e-05,8.152e-06,14.779,15.091,15.134,15.603,14.195,384.914005547762
20230208130214.6,385.414002835751,-3.8408e-05,6.819e-06,14.764,15.096,15.118,15.617,14.179,385.414002835751
20230208130215.1,385.914000123739,-3.9898e-05,6.271e-06,14.764,15.104,15.128,15.628,14.152,385.914000123739
20230208130215.6,386.418000608683,-3.8643e-05,6.192e-06,14.779,15.087,15.116,15.613,14.116,386.418000608683
20230208130216.1,386.918007954955,-3.5273e-05,6.584e-06,14.779,15.094,15.112,15.607,14.097,386.918007954955
20230208130216.6,387.426001578569,-3.7076e-05,6.584e-06,14.748,15.1,15.114,15.615,14.054,387.426001578569
20230208130217.1,387.930002063513,-3.2059e-05,8.074e-06,14.742,15.108,15.118,15.613,13.995,387.930002063513
20230208130217.6,388.44500631094,-3.0883e-05,5.487e-06,14.733,15.089,15.13,15.609,13.927,388.44500631094
20230208130218.1,388.930006697774,-3.1746e-05,6.663e-06,14.74,15.083,15.12,15.623,13.909,388.930006697774
20230208130218.6,389.430003985763,-3.5586e-05,6.114e-06,14.736,15.1,15.126,15.553,13.825,389.430003985763
20230208130219.1,389.932998642325,-3.2686e-05,5.644e-06,14.672,15.036,15.038,15.553,13.802,389.932998642325
20230208130219.6,390.453001856804,-3.5743e-05,5.487e-06,14.651,15.034,15.058,15.547,13.814,390.453001856804
20230208130220.1,390.961005538702,-3.0962e-05,4.86e-06,14.639,15.03,15.056,15.559,13.788,390.961005538702
20230208130220.6,391.473002359271,-3.1824e-05,6.663e-06,14.655,15.05,15.066,15.551,13.73,391.473002359271
20230208130221.1,391.97299964726,-3.5508e-05,6.349e-06,14.643,15.024,15.069,15.555,13.702,391.97299964726
20230208130221.6,392.476004362106,-3.543e-05,7.917e-06,14.635,15.034,15.062,15.576,13.657,392.476004362106
20230208130222.1,392.976001650095,-3.3862e-05,5.252e-06,14.618,15.03,15.054,15.564,13.618,392.976001650095
20230208130222.6,393.475998938084,-3.8487e-05,5.957e-06,14.625,15.04,15.068,15.566,13.571,393.475998938084
20230208130223.1,393.976006284356,-4.0681e-05,5.565e-06,14.608,15.038,15.058,15.564,13.542,393.976006284356
20230208130223.6,394.476003572345,-3.3e-05,6.663e-06,14.616,15.05,15.048,15.568,13.516,394.476003572345
20230208130224.1,394.976000860333,-2.9864e-05,6.741e-06,14.62,15.032,15.054,15.562,13.487,394.976000860333
20230208130224.6,395.476008206606,-3.104e-05,6.898e-06,14.594,15.021,15.056,15.568,13.44,395.476008206606
20230208130225.1,395.976005494595,-3.0491e-05,5.879e-06,14.606,15.034,15.04,15.572,13.44,395.976005494595
20230208130225.7,396.512001380324,-3.4254e-05,6.584e-06,14.59,15.038,15.056,15.578,13.434,396.512001380324
20230208130226.2,397.016001865268,-3.4803e-05,7.682e-06,14.588,15.017,15.064,15.572,13.42,397.016001865268
20230208130226.7,397.519006580114,-3.6527e-05,6.192e-06,14.594,15.036,15.073,15.584,13.454,397.519006580114
20230208130227.2,398.019003868103,-3.4332e-05,6.898e-06,14.582,15.034,15.066,15.586,13.452,398.019003868103
20230208130227.7,398.519001156092,-3.7389e-05,5.487e-06,14.577,15.04,15.066,15.578,13.501,398.519001156092
20230208130228.2,399.01899844408,-3.2843e-05,7.368e-06,14.612,15.03,15.06,15.59,13.53,399.01899844408
20230208130228.7,399.531005322933,-3.2529e-05,6.271e-06,14.622,15.032,15.066,15.592,13.493,399.531005322933
20230208130229.2,400.016005709767,-3.1432e-05,7.211e-06,14.649,15.038,15.068,15.578,13.463,400.016005709767
20230208130229.7,400.51900036633,-3.6841e-05,7.682e-06,14.659,15.044,15.062,15.598,13.434,400.51900036633
20230208130230.2,401.027004048228,-2.9394e-05,7.211e-06,14.635,15.042,15.06,15.59,13.42,401.027004048228
20230208130230.7,401.527001336217,-3.151e-05,5.879e-06,14.663,15.05,15.06,15.59,13.381,401.527001336217
20230208130231.2,402.026998624206,-3.9584e-05,5.644e-06,14.647,15.023,15.077,15.578,13.374,402.026998624206
20230208130231.7,402.523002773523,-3.6057e-05,6.427e-06,14.948,15.056,15.091,15.578,13.354,402.523002773523
20230208130232.2,403.043005988002,-3.1118e-05,7.446e-06,15.758,15.105,15.118,15.551,13.319,403.043005988002
20230208130232.7,403.558000177145,-2.7278e-05,5.879e-06,17.086,15.249,15.161,15.521,13.301,403.558000177145
20230208130233.2,404.058007523417,-2.5945e-05,6.192e-06,18.076,15.382,15.22,15.512,13.313,404.058007523417
20230208130233.7,404.558004811406,-2.5632e-05,5.722e-06,18.618,15.49,15.247,15.529,13.34,404.558004811406
20230208130234.2,405.07400482893,-3.1902e-05,5.722e-06,19.007,15.551,15.287,15.521,13.364,405.07400482893
20230208130234.8,405.586001649499,-3.2921e-05,6.976e-06,19.048,15.602,15.31,15.51,13.387,405.586001649499
20230208130235.3,406.094005331397,-3.3313e-05,6.584e-06,18.753,15.523,15.322,15.508,13.393,406.094005331397
20230208130235.8,406.61700591445,-3.5273e-05,6.427e-06,18.407,15.463,15.318,15.504,13.362,406.61700591445
20230208130236.3,407.136999070644,-3.3235e-05,5.487e-06,18.074,15.377,15.322,15.525,13.33,407.136999070644
20230208130236.8,407.652003318071,-3.2373e-05,5.957e-06,17.804,15.351,15.287,15.535,13.336,407.652003318071
20230208130237.3,408.156003803015,-3.2294e-05,7.133e-06,17.544,15.287,15.298,15.517,13.305,408.156003803015
20230208130237.8,408.668000623584,-3.4567e-05,5.487e-06,17.29,15.267,15.265,15.514,13.285,408.668000623584
20230208130238.3,409.152005240321,-2.6886e-05,6.349e-06,17.092,15.244,15.24,15.512,13.291,409.152005240321
20230208130238.8,409.65200252831,-2.618e-05,5.8e-06,16.885,15.201,15.218,15.533,13.319,409.65200252831
20230208130239.3,410.151999816298,-3.3862e-05,7.133e-06,16.695,15.197,15.23,15.541,13.295,410.151999816298
20230208130239.8,410.652007162571,-3.3313e-05,6.036e-06,16.537,15.177,15.222,15.531,13.268,410.652007162571
20230208130240.3,411.160000786185,-3.4332e-05,5.644e-06,16.376,15.152,15.193,15.541,13.27,411.160000786185
20230208130240.9,411.680004000664,-3.1902e-05,7.055e-06,16.226,15.138,15.173,15.519,13.272,411.680004000664
20230208130241.4,412.191005051136,-3.3392e-05,7.055e-06,16.122,15.138,15.11,15.472,13.209,412.191005051136
20230208130241.9,412.695005536079,-3.3392e-05,6.192e-06,15.939,15.069,15.112,15.48,13.213,412.695005536079
20230208130242.4,413.190999627113,-3.88e-05,6.036e-06,15.818,15.057,15.09,15.474,13.199,413.190999627113
20230208130242.9,413.711002841592,-3.4489e-05,6.271e-06,15.75,15.045,15.083,15.48,13.191,413.711002841592
20230208130243.4,414.21100012958,-3.9035e-05,6.036e-06,15.664,15.057,15.098,15.488,13.183,414.21100012958
20230208130243.9,414.730007573962,-3.4254e-05,7.211e-06,15.581,15.034,15.083,15.474,13.179,414.730007573962
20230208130244.4,415.254003927112,-3.1746e-05,6.036e-06,15.511,15.038,15.075,15.482,13.193,415.254003927112
20230208130244.9,415.768998116255,-3.0335e-05,4.86e-06,15.439,15.02,15.061,15.482,13.217,415.768998116255
20230208130245.4,416.269005462527,-3.0021e-05,5.565e-06,15.392,15.036,15.055,15.478,13.281,416.269005462527
