20230207162915.4,0,-6.0472917,6.0901284,15.019,11.048,11.294,33.062,0
20230207162915.8,0.449001789093018,-6.0483397,6.0905351,15.03,11.042,11.276,32.993,0.449001789093018
20230207162916.3,0.903002545237541,-6.0478548,6.0899485,14.991,11.048,11.288,32.94,0.903002545237541
20230207162916.7,1.35599747300148,-6.0485508,6.089581,15.009,11.055,11.276,32.865,1.35599747300148
20230207162917.2,1.81299559772015,-6.0478391,6.0901284,15.011,11.036,11.298,32.797,1.81299559772015
20230207162917.6,2.26600058376789,-6.0485665,6.0903161,14.995,11.038,11.292,32.753,2.26600058376789
20230207162918.1,2.71099917590618,-6.0474481,6.0904491,14.942,11.048,11.314,32.724,2.71099917590618
20230207162918.5,3.16400416195393,-6.0475341,6.0863589,14.938,11.038,11.308,32.671,3.16400416195393
20230207162919,3.6370050162077,-6.0489184,6.0926388,14.931,11.05,11.284,32.623,3.6370050162077
20230207162919.5,4.08599674701691,-6.0483318,6.094594,14.938,11.044,11.241,32.604,4.08599674701691
20230207162919.9,4.5469980686903,-6.0496144,6.0952275,14.919,11.053,11.359,32.567,4.5469980686903
20230207162920.4,4.99199666082859,-6.0487385,6.0890179,14.897,11.038,11.278,32.522,4.99199666082859
20230207162920.8,5.44500164687634,-6.0496692,6.090496,14.893,11.036,11.263,32.474,5.44500164687634
20230207162921.3,5.90299554169178,-6.0492625,6.0906446,14.876,11.018,11.271,32.432,5.90299554169178
20230207162921.7,6.35600052773952,-6.048934,6.0898625,14.872,11.024,11.228,32.368,6.35600052773952
20230207162922.2,6.80900551378727,-6.0489419,6.0898,14.848,11.016,11.265,32.333,6.80900551378727
20230207162922.6,7.25799724459648,-6.0483084,6.0911295,14.843,11.026,11.298,32.319,7.25799724459648
20230207162923.1,7.69499950110912,-6.0536812,6.0907463,14.827,11.026,11.306,32.271,7.69499950110912
20230207162923.5,8.16399715840816,-6.0547291,6.0906759,17.254,11.052,11.32,32.265,8.16399715840816
20230207162924,8.62100534141064,-6.0491765,6.0893151,20.466,11.052,11.374,32.36,8.62100534141064
20230207162924.4,9.08199660480022,-6.0455946,6.0930533,24.805,11.11,11.376,32.484,9.08199660480022
20230207162924.9,9.5390047878027,-6.0532198,6.0903787,28.566,11.19,11.521,32.606,9.5390047878027
20230207162925.4,9.99600291252136,-6.0515461,6.0908323,30.584,11.282,11.572,32.788,9.99600291252136
20230207162925.8,10.4380041360855,-6.0586473,6.0904412,32.871,11.372,11.748,32.995,10.4380041360855
20230207162926.3,10.8909990638494,-6.0584048,6.0899876,34.838,11.494,11.805,33.213,10.8909990638494
20230207162926.7,11.3479971885681,-6.0646927,6.0902379,36.531,11.541,11.951,33.453,11.3479971885681
20230207162927.2,11.7930058389902,-6.0599533,6.0894949,36.965,11.648,12.008,33.724,11.7930058389902
20230207162927.6,12.2419975697994,-6.0575055,6.0887754,36.765,11.717,12.198,34.01,12.2419975697994
20230207162928.1,12.7029988914728,-6.0582093,6.0901832,36.742,11.838,12.286,34.31,12.7029988914728
20230207162928.5,13.1560038775206,-6.0549012,6.0921383,36.967,11.902,12.425,34.608,13.1560038775206
20230207162929,13.6100046336651,-6.053384,6.0918568,37.304,11.975,12.513,34.894,13.6100046336651
20230207162929.4,14.0709958970547,-6.054909,6.0888145,37.411,12.01,12.564,35.187,14.0709958970547
20230207162929.9,14.5079981535673,-6.0463689,6.0901284,36.897,12.098,12.763,35.499,14.5079981535673
20230207162930.3,14.9569999426603,-6.0559413,6.0900189,36.155,12.139,12.806,35.812,14.9569999426603
20230207162930.8,15.4220044612885,-6.0489027,6.0895262,35.038,12.241,12.828,36.141,15.4220044612885
20230207162931.2,15.8600024878979,-6.0488167,6.0901519,33.548,12.303,12.918,36.516,15.8600024878979
20230207162931.7,16.3129974156618,-6.0452974,6.0908088,32.244,12.372,13.019,36.893,16.3129974156618
20230207162932.1,16.7739987373352,-6.0470571,6.0902301,31.735,12.431,13.113,37.243,16.7739987373352
20230207162932.6,17.2110009938478,-6.0499976,6.0888537,31.87,12.511,13.186,37.593,17.2110009938478
20230207162933,17.6639959216118,-6.0479721,6.0883375,32.946,12.54,13.266,37.883,17.6639959216118
20230207162933.5,18.1170009076595,-6.0457745,6.0868516,34.713,12.632,13.26,38.233,18.1170009076595
20230207162933.9,18.5710016638041,-6.0461655,6.0937025,36.776,12.681,13.244,38.587,18.5710016638041
20230207162934.4,19.023996591568,-6.0524299,6.0959783,37.751,12.751,13.34,38.924,19.023996591568
20230207162934.9,19.4849979132414,-6.0438662,6.0923964,38.323,12.828,13.383,39.233,19.4849979132414
20230207162935.3,19.922000169754,-6.0440539,6.0906602,39.365,12.859,13.512,39.532,19.922000169754
20230207162935.7,20.3750051558018,-6.0473777,6.090105,39.365,12.896,13.567,39.821,20.3750051558018
20230207162936.2,20.8320032805204,-6.0480581,6.088228,40.415,12.896,13.663,40.092,20.8320032805204
20230207162936.7,21.2849982082844,-6.0468537,6.0886972,41.316,12.92,13.814,40.383,21.2849982082844
20230207162937.1,21.7380031943321,-6.0513819,6.0925997,41.438,12.929,13.771,40.76,21.7380031943321
20230207162937.6,22.2230035811663,-6.0483553,6.0922556,42.169,12.953,13.9,41.106,22.2230035811663
20230207162938,22.6720053702593,-6.0193485,6.0919115,42.228,12.918,13.999,41.438,22.6720053702593
20230207162938.5,23.1250002980232,-6.1034829,6.0906446,40.322,12.957,14.06,41.83,23.1250002980232
20230207162939,23.5860016196966,-6.0535326,6.0913406,38.187,12.967,13.999,42.154,23.5860016196966
20230207162939.4,24.023999646306,-6.1460977,6.0959705,36.216,12.974,13.972,42.429,24.023999646306
20230207162939.8,24.4730014353991,-6.1759335,6.0891039,34.388,12.927,14.123,42.666,24.4730014353991
20230207162940.3,24.9139968305826,-6.0871925,6.0857488,32.718,12.89,13.972,42.842,24.9139968305826
20230207162940.7,25.3520049154758,-6.11146,6.0867812,31.216,12.757,13.937,43.001,25.3520049154758
20230207162941.2,25.8129961788654,-6.080936,6.0894871,29.833,12.661,13.968,43.135,25.8129961788654
20230207162941.6,26.2580048292875,-6.0783943,6.0894715,28.634,12.55,13.892,43.27,26.2580048292875
20230207162942.1,26.7109997570515,-6.1539731,6.0923651,27.5,12.44,13.902,43.427,26.7109997570515
20230207162942.5,27.1640047430992,-6.0495753,6.0885877,26.503,12.368,13.778,43.597,27.1640047430992
20230207162943,27.6099991053343,-6.3736782,6.0986529,25.608,12.26,13.814,43.768,27.6099991053343
20230207162943.4,28.063004091382,-6.0753442,6.0902223,24.841,12.178,13.681,43.909,28.063004091382
20230207162943.9,28.515999019146,-6.0513037,6.0979569,24.474,12.139,13.624,44.1,28.515999019146
20230207162944.3,28.9770003408194,-6.0511473,6.091935,24.681,12.084,13.589,44.255,28.9770003408194
20230207162944.8,29.4099994003773,-6.0432015,6.0923886,26.074,12.008,13.571,44.424,29.4099994003773
20230207162945.2,29.863004386425,-6.0400732,6.0942812,29.183,11.977,13.452,44.546,29.863004386425
20230207162945.7,30.3130019456148,-6.0463376,6.0949225,32.677,12.073,13.491,44.678,30.3130019456148
20230207162946.1,30.7779964059591,-6.0457276,6.0942343,35.363,12.078,13.424,44.806,30.7779964059591
20230207162946.6,31.2310013920069,-6.0396274,6.0924512,38.071,12.133,13.368,44.913,31.2310013920069
20230207162947,31.6759999841452,-6.0443198,6.0906602,39.507,12.186,13.446,45.016,31.6759999841452
20230207162947.5,32.1290049701929,-6.0446248,6.0906993,41.643,12.182,13.415,45.152,32.1290049701929
20230207162947.9,32.5819998979568,-6.051335,6.0919585,43.144,12.239,13.514,45.263,32.5819998979568
20230207162948.4,33.0430012196302,-6.0447265,6.0921618,44.446,12.206,13.497,45.395,33.0430012196302
20230207162948.8,33.4769960492849,-6.0428339,6.0904803,45.171,12.202,13.436,45.487,33.4769960492849
20230207162949.3,33.9300010353327,-6.0485508,6.0912311,46.422,12.198,13.561,45.592,33.9300010353327
20230207162949.8,34.3910023570061,-6.0454382,6.0904412,47.766,12.223,13.63,45.709,34.3910023570061
20230207162950.2,34.8319977521896,-6.0453835,6.090801,48.999,12.186,13.663,45.82,34.8319977521896
20230207162950.7,35.3010054677725,-6.0438897,6.0919741,50.209,12.303,13.792,45.948,35.3010054677725
20230207162951.1,35.7540003955364,-6.0464392,6.0912077,51.731,12.251,13.737,46.095,35.7540003955364
20230207162951.6,36.2070053815842,-6.0423178,6.089972,53.164,12.239,13.9,46.194,36.2070053815842
20230207162952,36.6559971123934,-6.0431937,6.0901128,54.956,12.415,13.882,46.321,36.6559971123934
20230207162952.5,37.1130052953959,-6.0429199,6.089448,56.917,12.403,14.091,46.42,37.1130052953959
20230207162952.9,37.5510033220053,-6.0384152,6.0890883,58.916,12.374,14.007,46.489,37.5510033220053
20230207162953.4,38.0039982497692,-6.041043,6.0902927,60.402,12.534,14.103,46.546,38.0039982497692
20230207162953.8,38.457003235817,-6.0384935,6.0897374,61.703,12.397,14.326,46.609,38.457003235817
20230207162954.3,38.902997598052,-6.0366791,6.0905116,62.572,12.417,14.228,46.653,38.902997598052
20230207162954.7,39.3560025840998,-6.0417859,6.0903709,63.387,12.425,14.209,46.739,39.3560025840998
20230207162955.2,39.8089975118637,-6.0407771,6.090058,64.207,12.446,14.314,46.812,39.8089975118637
20230207162955.6,40.253996104002,-6.0405268,6.0902692,64.661,12.45,14.412,46.86,40.253996104002
20230207162956.1,40.6990047544241,-6.038251,6.0906993,64.908,12.489,14.451,46.923,40.6990047544241
20230207162956.5,41.1530055105686,-6.0448908,6.0910278,65.297,12.525,14.968,46.942,41.1530055105686
20230207162957,41.6060004383326,-6.0355372,6.0905742,65.176,12.444,14.651,46.992,41.6060004383326
20230207162957.4,42.0590054243803,-6.0386342,6.090582,66.629,12.507,14.7,47.051,42.0590054243803
20230207162957.9,42.5120003521442,-6.0355998,6.0900659,67.813,12.54,14.803,47.118,42.5120003521442
20230207162958.3,42.9610021412373,-6.0369371,6.0910591,69.371,12.517,14.725,47.256,42.9610021412373
20230207162958.8,43.4139970690012,-6.0370701,6.0909339,71.277,12.56,14.936,47.361,43.4139970690012
20230207162959.2,43.8670020550489,-6.0355763,6.0915987,72.909,12.55,14.934,47.447,43.8670020550489
20230207162959.7,44.335999712348,-6.0329173,6.0904725,74.029,12.691,15.257,47.539,44.335999712348
20230207163000.2,44.7890046983957,-6.03402,6.0905195,75.445,12.732,15.109,47.623,44.7890046983957
20230207163000.6,45.2580023556948,-6.0363193,6.0912546,76.519,12.693,15.017,47.745,45.2580023556948
20230207163001.1,45.7109972834587,-6.033762,6.0900346,77.369,12.771,15.232,47.831,45.7109972834587
20230207163001.5,46.1490053683519,-6.0342625,6.0885877,77.653,12.937,15.408,47.909,46.1490053683519
20230207163002,46.6020002961159,-6.0319867,6.0901988,78.102,12.714,15.193,47.968,46.6020002961159
20230207163002.4,47.0430057495832,-6.0389549,6.0902066,77.781,12.853,15.568,48.053,47.0430057495832
20230207163002.9,47.5000038743019,-6.035201,6.0904334,77.847,12.916,15.598,48.123,47.5000038743019
20230207163003.3,47.9529988020658,-6.0371561,6.0903943,77.717,12.734,15.59,48.186,47.9529988020658
20230207163003.8,48.39500002563,-6.0323621,6.0903474,78.068,12.716,15.539,48.209,48.39500002563
20230207163004.2,48.8600045442581,-6.0356624,6.0905429,78.004,12.734,15.625,48.282,48.8600045442581
20230207163004.7,49.3210058659315,-6.035068,6.0903552,77.559,12.82,15.654,48.351,49.3210058659315
20230207163005.1,49.7810013592243,-6.0324481,6.0904334,77.853,12.755,15.645,48.389,49.7810013592243
20230207163005.6,50.2350021153688,-6.0337072,6.0915127,77.894,12.732,15.533,48.428,50.2350021153688
20230207163006.1,50.6949976086617,-6.0332067,6.0922322,77.689,12.74,15.545,48.423,50.6949976086617
20230207163006.5,51.1330056935549,-6.0327453,6.0915674,77.101,12.663,15.805,48.387,51.1330056935549
20230207163007,51.6330029815435,-6.0350524,6.0905507,76.634,12.742,15.801,48.351,51.6330029815435
20230207163007.4,52.0739983767271,-6.034677,6.0895888,77.909,12.755,15.613,48.311,52.0739983767271
20230207163007.9,52.520002797246,-6.0330034,6.0903709,79.839,12.74,15.789,48.296,52.520002797246
20230207163008.3,52.9729977250099,-6.0238532,6.0902692,81.133,12.744,15.801,48.356,52.9729977250099
20230207163008.8,53.4219995141029,-6.0312281,6.0902144,81.947,12.83,15.84,48.411,53.4219995141029
20230207163009.2,53.8669981062412,-6.0296014,6.0900033,82.672,12.869,15.875,48.495,53.8669981062412
20230207163009.7,54.3209988623857,-6.0277948,6.0904256,83.486,12.882,15.977,48.589,54.3209988623857
20230207163010.1,54.7740038484335,-6.0298673,6.090582,84.58,12.947,15.961,48.633,54.7740038484335
20230207163010.6,55.2310019731522,-6.0340748,6.092107,84.846,12.871,16.024,48.709,55.2310019731522
20230207163011,55.6760005652905,-6.0288193,6.0921618,84.313,13.015,16.253,48.802,55.6760005652905
20230207163011.5,56.1130028218031,-6.0339809,6.0911373,82.192,13.084,16.149,48.815,56.1130028218031
20230207163011.9,56.5670035779476,-6.0335664,6.0900033,78.827,13.004,16.085,48.811,56.5670035779476
20230207163012.4,57.0199985057116,-6.0285612,6.0906133,74.232,12.98,16.139,48.756,57.0199985057116
20230207163012.8,57.4730034917593,-6.0293589,6.0898469,69.271,13.096,15.934,48.714,57.4730034917593
20230207163013.3,57.9180020838976,-6.028921,6.0898469,64.742,12.855,15.791,48.669,57.9180020838976
20230207163013.7,58.3750002086163,-6.0283657,6.090191,60.443,12.802,16.222,48.51,58.3750002086163
20230207163014.2,58.84800106287,-6.0301566,6.0899485,56.428,12.571,16.137,48.315,58.84800106287
20230207163014.7,59.2889964580536,-6.0294215,6.0895653,53.016,12.528,15.748,48.074,59.2889964580536
20230207163015.1,59.7420014441013,-6.029703,6.0896592,49.887,12.513,15.56,47.847,59.7420014441013
20230207163015.6,60.1949963718653,-6.0272239,6.0910982,47.019,12.397,15.422,47.609,60.1949963718653
20230207163016,60.6410007923841,-6.0299768,6.0905116,44.492,12.237,15.204,47.372,60.6410007923841
20230207163016.5,61.1020021140575,-6.0258083,6.0910747,42.182,12.167,15.228,47.154,61.1020021140575
20230207163016.9,61.5510039031506,-6.0312202,6.0924355,40.098,12.069,15.124,46.925,61.5510039031506
20230207163017.4,62.0080020278692,-6.025996,6.0907071,38.222,12.045,14.745,46.682,62.0080020278692
20230207163017.8,62.4609969556332,-6.0300628,6.0898312,36.533,11.945,14.713,46.42,62.4609969556332
20230207163018.3,62.9140019416809,-6.0261916,6.0898156,34.991,11.889,14.696,46.181,62.9140019416809
20230207163018.7,63.3560031652451,-6.0305789,6.0899251,33.641,11.814,14.369,45.948,63.3560031652451
20230207163019.2,63.808998093009,-6.0259178,6.0914032,32.366,11.777,14.23,45.707,63.808998093009
20230207163019.6,64.257999882102,-6.0257067,6.0896826,31.23,11.791,14.029,45.493,64.257999882102
20230207163020.1,64.7190012037754,-6.0261759,6.0917629,32.474,11.701,14.134,45.265,64.7190012037754
20230207163020.6,65.1840057224035,-6.0302192,6.0907854,32.925,11.674,13.962,45.167,65.1840057224035
20230207163021,65.6290043145418,-6.0251671,6.0899564,32.553,11.658,13.855,45.123,65.6290043145418
20230207163021.4,66.0740029066801,-6.0311186,6.0891352,31.592,11.625,13.649,45.114,66.0740029066801
20230207163021.9,66.5280036628246,-6.029617,6.0901128,30.688,11.629,13.546,45.1,66.5280036628246
20230207163022.3,66.9809985905886,-6.0319554,6.090105,29.717,11.633,13.512,45.091,66.9809985905886
20230207163022.8,67.4340035766363,-6.0295544,6.0902927,28.728,11.586,13.604,45.097,67.4340035766363
20230207163023.3,67.8869985044003,-6.0297656,6.0910669,27.854,11.588,13.448,45.07,67.8869985044003
20230207163023.7,68.3360002934933,-6.0301175,6.0909418,27.061,11.574,13.52,45.007,68.3360002934933
20230207163024.2,68.7970016151667,-6.0315956,6.0904803,27.063,11.537,13.364,44.938,68.7970016151667
20230207163024.6,69.2349996417761,-6.0301645,6.0930533,31.557,11.543,13.381,44.877,69.2349996417761
20230207163025.1,69.6880046278238,-6.0299455,6.0928813,38.142,11.568,13.418,44.869,69.6880046278238
20230207163025.5,70.1450027525425,-6.028178,6.090715,43.158,11.64,13.25,44.869,70.1450027525425
20230207163026,70.5940045416355,-6.027435,6.090191,46.022,11.691,13.268,44.953,70.5940045416355
20230207163026.4,71.0510026663542,-6.0322526,6.0914892,47.518,11.785,13.217,45.051,71.0510026663542
20230207163026.9,71.5039975941181,-6.0287958,6.0909183,45.821,11.854,13.282,45.187,71.5039975941181
20230207163027.3,71.9570025801659,-6.027044,6.0899485,43.464,11.857,13.368,45.311,71.9570025801659
20230207163027.8,72.4099975079298,-6.0309387,6.0877822,41.19,11.861,13.569,45.403,72.4099975079298
20230207163028.2,72.8630024939775,-6.0312515,6.0914501,39.13,11.846,13.44,45.426,72.8630024939775
20230207163028.7,73.3320001512766,-6.0321822,6.100264,37.132,11.877,13.283,45.439,73.3320001512766
20230207163029.2,73.7970046699047,-6.0283813,6.1133167,35.342,11.795,13.362,45.353,73.7970046699047
20230207163029.6,74.2499995976686,-6.0317129,6.1091874,33.753,11.766,13.475,45.255,74.2499995976686
20230207163030.1,74.7030045837164,-6.0264262,6.0914658,32.3,11.748,13.645,45.12,74.7030045837164
20230207163030.5,75.1559995114803,-6.030141,6.0895966,31.006,11.717,13.377,44.946,75.1559995114803
20230207163031,75.612997636199,-6.0281076,6.0903474,29.833,11.691,13.268,44.827,75.612997636199
20230207163031.4,76.0669983923435,-6.0303365,6.0827457,28.769,11.629,13.315,44.67,76.0669983923435
20230207163031.9,76.5279997140169,-6.0293746,6.0917317,27.844,11.607,13.197,44.563,76.5279997140169
20230207163032.3,76.9650019705296,-6.0311499,6.0968385,27.045,11.554,13.117,44.448,76.9650019705296
20230207163032.8,77.4179968982935,-6.0294058,6.0940779,26.333,11.527,12.92,44.376,77.4179968982935
20230207163033.2,77.8710018843412,-6.030837,6.0908636,25.66,11.503,12.912,44.272,77.8710018843412
20230207163033.7,78.3239968121052,-6.0300862,6.0885877,25.093,11.476,12.875,44.15,78.3239968121052
20230207163034.1,78.7779975682497,-6.0312593,6.0872895,24.607,11.455,13.049,44.058,78.7779975682497
20230207163034.6,79.2310025542974,-6.0301566,6.0906993,24.1,11.429,12.869,43.982,79.2310025542974
20230207163035,79.6800043433905,-6.0317286,6.0920601,23.615,11.406,12.853,43.88,79.6800043433905
20230207163035.5,80.1329992711544,-6.0306572,6.0929439,23.207,11.38,12.683,43.766,80.1329992711544
20230207163036,80.5860042572021,-6.0313376,6.0895184,22.851,11.376,12.691,43.687,80.5860042572021
20230207163036.4,81.0430023819208,-6.0312202,6.0896279,22.524,11.359,12.575,43.571,81.0430023819208
20230207163036.9,81.4959973096848,-6.0312906,6.0888067,22.21,11.339,12.72,43.462,81.4959973096848
20230207163037.3,81.9490022957325,-6.0317677,6.0900737,21.932,11.343,12.521,43.339,81.9490022957325
20230207163037.8,82.403003051877,-6.0319554,6.0908479,21.738,11.321,12.46,43.215,82.403003051877
20230207163038.2,82.8600011765957,-6.0323933,6.091325,21.644,11.318,12.413,43.079,82.8600011765957
20230207163038.7,83.3129961043596,-6.0321353,6.0907697,21.519,11.298,12.319,42.968,83.3129961043596
20230207163039.1,83.7660010904074,-6.0323073,6.0913484,21.405,11.306,12.296,42.823,83.7660010904074
20230207163039.6,84.2189960181713,-6.0326436,6.0903552,21.319,11.3,12.239,42.674,84.2189960181713
20230207163040,84.6720010042191,-6.0327844,6.0899016,21.204,11.292,12.407,42.519,84.6720010042191
20230207163040.5,85.124995931983,-6.0332301,6.0895028,21.083,11.288,12.257,42.374,85.124995931983
20230207163040.9,85.5820041149855,-6.0333709,6.0906837,21.028,11.269,12.413,42.219,85.5820041149855
20230207163041.4,86.0349990427494,-6.0334178,6.0892056,20.959,11.249,12.157,42.066,86.0349990427494
20230207163041.9,86.4880040287971,-6.031971,6.0917473,20.867,11.235,12.168,41.882,86.4880040287971
20230207163042.3,86.9420047849417,-6.031494,6.106106,20.815,11.253,12.077,41.702,86.9420047849417
20230207163042.8,87.3949997127056,-6.0346535,6.0954074,20.701,11.239,12.073,41.542,87.3949997127056
20230207163043.2,87.8519978374243,-6.0370936,6.0916065,20.582,11.235,12.067,41.396,87.8519978374243
20230207163043.7,88.305002823472,-6.0332771,6.0908948,20.519,11.224,12.112,41.251,88.305002823472
20230207163044.1,88.754004612565,-6.0368824,6.0921149,20.427,11.204,12.055,41.062,88.754004612565
20230207163044.6,89.2029963433743,-6.0366947,6.0919037,20.365,11.216,11.977,40.912,89.2029963433743
20230207163045,89.656001329422,-6.0364366,6.0898547,20.296,11.216,11.955,40.786,89.656001329422
20230207163045.5,90.1129994541407,-6.035764,6.0910747,20.222,11.2,11.996,40.654,90.1129994541407
20230207163045.9,90.5710034072399,-6.0278183,6.0910434,20.097,11.202,11.902,40.549,90.5710034072399
20230207163046.4,91.0239983350039,-6.0564653,6.0901441,20.007,11.21,11.906,40.469,91.0239983350039
20230207163046.8,91.4809964597225,-6.0384074,6.0917942,19.911,11.206,11.889,40.434,91.4809964597225
20230207163047.3,91.9419977813959,-6.0329642,6.0924199,19.837,11.181,11.871,40.427,91.9419977813959
20230207163047.8,92.3869963735342,-6.0400654,6.0940466,19.799,11.173,11.83,40.383,92.3869963735342
20230207163048.2,92.8560040891171,-6.0446718,6.0923338,19.754,11.185,11.803,40.337,92.8560040891171
20230207163048.7,93.308999016881,-6.0446718,6.0925137,19.711,11.167,11.879,40.278,93.308999016881
20230207163049.1,93.7620040029287,-6.0404877,6.0947739,19.682,11.157,11.891,40.243,93.7620040029287
20230207163049.6,94.2149989306927,-6.0409648,6.0989501,19.655,11.169,11.767,40.188,94.2149989306927
20230207163050,94.6719970554113,-6.0280842,6.096948,19.608,11.163,11.703,40.094,94.6719970554113
20230207163050.5,95.1100051403046,-6.0526176,6.0936243,19.52,11.163,11.674,40.018,95.1100051403046
20230207163050.9,95.5589968711138,-6.0378443,6.0938119,19.549,11.155,11.685,40.027,95.5589968711138
20230207163051.4,96.0240013897419,-6.0341999,6.0934757,19.51,11.138,11.766,40.012,96.0240013897419
20230207163051.9,96.5079959481955,-6.0354199,6.0894949,19.414,11.157,11.619,39.977,96.5079959481955
20230207163052.3,96.9610009342432,-6.0425133,6.0926701,19.361,11.14,11.664,39.914,96.9610009342432
20230207163052.8,97.4139958620071,-6.0470336,6.0923651,19.285,11.128,11.629,39.855,97.4139958620071
20230207163053.2,97.8670008480549,-6.0494502,6.0898547,19.24,11.126,11.662,39.817,97.8670008480549
20230207163053.7,98.3169984072447,-6.0467208,6.0923026,19.169,11.122,11.64,39.759,98.3169984072447
20230207163054.1,98.7700033932924,-6.0431233,6.0904334,19.08,11.136,11.599,39.679,98.7700033932924
20230207163054.6,99.2349978536367,-6.0440696,6.0928891,19.005,11.097,11.674,39.593,99.2349978536367
20230207163055,99.6720001101494,-6.043311,6.09102,18.941,11.13,11.564,39.473,99.6720001101494
20230207163055.5,100.125005096197,-6.042482,6.092983,18.876,11.118,11.593,39.344,100.125005096197
20230207163055.9,100.578000023961,-6.0394319,6.0924355,18.819,11.11,11.552,39.23,100.578000023961
20230207163056.4,101.03499814868,-6.040519,6.0927483,18.77,11.11,11.525,39.111,101.03499814868
20230207163056.9,101.48499570787,-6.0361082,6.0928891,18.72,11.085,11.539,38.983,101.48499570787
20230207163057.3,101.938000693917,-6.0369293,6.0917942,18.673,11.073,11.582,38.885,101.938000693917
20230207163057.8,102.394998818636,-6.0399872,6.0929986,18.616,11.089,11.609,38.771,102.394998818636
20230207163058.2,102.863000705838,-6.0442573,6.0931863,18.557,11.093,11.425,38.604,102.863000705838
20230207163058.7,103.317001461983,-6.0419815,6.0919976,18.482,11.018,11.413,38.518,103.317001461983
20230207163059.1,103.769996389747,-6.042787,6.0914892,18.432,10.998,11.501,38.441,103.769996389747
20230207163059.6,104.227004572749,-6.0400341,6.092021,18.42,11.012,11.44,38.357,104.227004572749
20230207163100.1,104.684002697468,-6.0421379,6.090801,18.361,10.998,11.413,38.286,104.684002697468
20230207163100.5,105.136997625232,-6.0391191,6.0908557,18.322,11.002,11.372,38.216,105.136997625232
20230207163101,105.594005808234,-6.0394554,6.0910825,18.259,10.987,11.442,38.11,105.594005808234
20230207163101.4,106.047000735998,-6.039213,6.0914814,18.218,10.975,11.515,38.015,106.047000735998
20230207163101.9,106.503998860717,-6.0396196,6.0917942,18.179,10.992,11.521,37.933,106.503998860717
20230207163102.3,106.969003379345,-6.0401749,6.0901832,18.154,10.987,11.544,37.829,106.969003379345
20230207163102.8,107.418005168438,-6.0410977,6.0909496,18.089,10.975,11.403,37.764,107.418005168438
20230207163103.2,107.866996899247,-6.0408788,6.0915831,18.036,10.977,11.386,37.701,107.866996899247
20230207163103.7,108.320997655392,-6.0419815,6.0906055,18.027,10.977,11.44,37.627,108.320997655392
20230207163104.1,108.774002641439,-6.0415748,6.0919272,17.988,10.973,11.341,37.548,108.774002641439
20230207163104.6,109.226997569203,-6.0559413,6.0915831,17.976,10.957,11.329,37.479,109.226997569203
20230207163105,109.680002555251,-6.0434283,6.0924746,17.972,10.965,11.372,37.451,109.680002555251
20230207163105.5,110.13700067997,-6.0375784,6.0909183,17.998,11.04,11.505,37.405,110.13700067997
20230207163106,110.586002469063,-6.0394789,6.0906759,17.998,11.042,11.445,37.386,110.586002469063
20230207163106.4,111.038997396827,-6.0392599,6.0919428,18.01,11.016,11.406,37.331,111.038997396827
20230207163106.9,111.48799918592,-6.0411447,6.0902144,17.992,11.024,11.384,37.279,111.48799918592
20230207163107.3,111.941999942064,-6.0434361,6.089972,18.01,11.014,11.472,37.205,111.941999942064
20230207163107.8,112.410001829267,-6.0407771,6.0911216,18.008,11.012,11.28,37.149,112.410001829267
20230207163108.2,112.878999486566,-6.0432406,6.0896826,17.984,11.024,11.445,37.103,112.878999486566
20230207163108.7,113.332004472613,-6.0413871,6.0912624,17.953,10.997,11.413,37.065,113.332004472613
20230207163109.2,113.789002597332,-6.0411447,6.0889084,17.925,11.018,11.355,37.05,113.789002597332
20230207163109.6,114.227000623941,-6.043397,6.0904803,17.898,11.008,11.337,37.009,114.227000623941
20230207163110,114.679995551705,-6.0434596,6.09102,17.88,11.016,11.323,36.996,114.679995551705
20230207163110.5,115.137003734708,-6.0406911,6.0915283,18.416,11.014,11.314,36.908,115.137003734708
20230207163111,115.589998662472,-6.0425446,6.0905664,21.84,11.04,11.406,36.816,115.589998662472
20230207163111.4,116.04699678719,-6.0373829,6.0907384,23.791,11.065,11.421,36.885,116.04699678719
20230207163111.9,116.500001773238,-6.0400732,6.0906993,23.926,11.077,11.568,36.979,116.500001773238
20230207163112.3,116.949003562331,-6.0414106,6.0913875,23.626,11.136,11.562,37.097,116.949003562331
20230207163112.8,117.403004318476,-6.0459778,6.0907228,23.29,11.161,11.724,37.176,117.403004318476
20230207163113.2,117.860002443194,-6.043311,6.0907932,22.849,11.192,11.681,37.203,117.860002443194
20230207163113.7,118.312997370958,-6.0432641,6.090496,22.442,11.165,11.754,37.206,118.312997370958
20230207163114.1,118.766002357006,-6.0417859,6.0906133,22.033,11.169,11.695,37.153,118.766002357006
20230207163114.6,119.21899728477,-6.0457197,6.0901284,21.658,11.149,11.658,37.126,119.21899728477
20230207163115,119.679998606443,-6.0411681,6.0908088,21.842,11.149,11.795,37.017,119.679998606443
20230207163115.5,120.124997198582,-6.0403391,6.0895184,24.789,11.145,11.854,36.967,120.124997198582
20230207163115.9,120.578002184629,-6.0407145,6.0908088,28.136,11.192,11.942,36.99,120.578002184629
20230207163116.4,121.035000309348,-6.0378131,6.0909339,30.909,11.286,11.928,37.009,121.035000309348
20230207163116.9,121.488005295396,-6.0387437,6.0903865,33.796,11.476,12.045,37.053,121.488005295396
20230207163117.3,121.941995993257,-6.042396,6.0919272,36.384,11.627,12.221,37.124,121.941995993257
20230207163117.8,122.395000979304,-6.0398464,6.0904569,38.52,11.726,12.388,37.208,122.395000979304
20230207163118.2,122.851999104023,-6.0422943,6.0909887,40.545,11.744,12.458,37.325,122.851999104023
20230207163118.7,123.305004090071,-6.0404017,6.0914032,42.335,11.756,12.927,37.442,123.305004090071
20230207163119.1,123.757999017835,-6.0381181,6.0908088,43.506,11.836,13.027,37.593,123.757999017835
20230207163119.6,124.211004003882,-6.03847,6.0907775,44.253,11.887,13.09,37.723,124.211004003882
20230207163120,124.663998931646,-6.0448516,6.0907384,44.565,11.947,13.282,37.918,124.663998931646
20230207163120.5,125.12500025332,-6.0457119,6.0905351,44.63,11.912,13.593,38.092,125.12500025332
20230207163120.9,125.562998279929,-6.0375941,6.0909496,45.204,11.977,13.722,38.233,125.562998279929
20230207163121.4,126.012000069022,-6.0379773,6.0906602,45.848,11.994,14.132,38.463,126.012000069022
20230207163121.8,126.46500505507,-6.0388454,6.090582,46.734,12,14.129,38.688,126.46500505507
20230207163122.3,126.922003179789,-6.0373829,6.0912702,47.755,12.069,14.334,38.893,126.922003179789
20230207163122.7,127.374998107553,-6.0388767,6.0908948,48.546,12.153,14.31,39.126,127.374998107553
20230207163123.2,127.8280030936,-6.0385951,6.0907619,49.196,12.217,14.461,39.342,127.8280030936
20230207163123.6,128.280998021364,-6.0323933,6.0902927,49.281,12.233,14.754,39.614,128.280998021364
20230207163124.1,128.737996146083,-6.0341921,6.0903943,48.777,12.217,14.856,39.863,128.737996146083
20230207163124.6,129.198997467756,-6.0374924,6.0908714,48.514,12.208,14.843,40.086,129.198997467756
20230207163125,129.637005552649,-6.0388219,6.0905273,48.497,12.229,15.13,40.308,129.637005552649
20230207163125.5,130.090000480413,-6.0359674,6.0902457,48.919,12.286,14.983,40.498,130.090000480413
20230207163125.9,130.558998137712,-6.0329408,6.0903474,49.188,12.278,15.163,40.679,130.558998137712
20230207163126.4,131.015996262431,-6.0324872,6.0904647,49.4,12.282,15.304,40.865,131.015996262431
20230207163126.8,131.452998518944,-6.03036,6.091192,49.499,12.378,15.439,41.046,131.452998518944
20230207163127.3,131.906003504992,-6.0346692,6.0906211,49.675,12.345,15.465,41.261,131.906003504992
20230207163127.7,132.360004261136,-6.0324246,6.0902692,50.141,12.346,15.645,41.446,132.360004261136
20230207163128.2,132.817002385855,-6.0317286,6.0904569,50.84,12.382,15.398,41.618,132.817002385855
20230207163128.6,133.269997313619,-6.0338949,6.0903787,51.979,12.431,15.57,41.781,133.269997313619
20230207163129.1,133.723002299666,-6.034239,6.0899016,53.093,12.507,15.754,41.953,133.723002299666
20230207163129.5,134.17599722743,-6.0335273,6.0905586,54.035,12.558,16.038,42.104,134.17599722743
20230207163130,134.629002213478,-6.0326749,6.0902223,54.812,12.579,15.973,42.278,134.629002213478
20230207163130.5,135.090003535151,-6.0293667,6.0901441,55.46,12.585,15.883,42.433,135.090003535151
20230207163130.9,135.539005324244,-6.0305398,6.0898782,56.29,12.659,15.905,42.576,135.539005324244
20230207163131.4,135.992000252008,-6.0308996,6.0903396,56.881,12.644,15.885,42.735,135.992000252008
20230207163131.8,136.445005238056,-6.0341139,6.090582,57.268,12.661,16.488,42.882,136.445005238056
20230207163132.3,136.902999132872,-6.0313923,6.0909809,57.694,12.716,16.325,43.024,136.902999132872
20230207163132.7,137.356004118919,-6.0297187,6.0908323,57.904,12.697,16.147,43.203,137.356004118919
20230207163133.2,137.808999046683,-6.0268407,6.090191,57.844,12.704,16.417,43.339,137.808999046683
20230207163133.6,138.258000835776,-6.0295388,6.0898782,57.825,12.675,16.341,43.452,138.258000835776
20230207163134.1,138.711005821824,-6.0280372,6.0903474,57.853,12.652,16.74,43.586,138.711005821824
20230207163134.5,139.164000749588,-6.0270284,6.0901362,57.976,12.652,16.955,43.72,139.164000749588
20230207163135,139.616995677352,-6.0291556,6.0913954,58.204,12.673,16.791,43.831,139.616995677352
20230207163135.4,140.070996433496,-6.027568,6.0918881,58.473,12.628,16.308,43.951,140.070996433496
20230207163135.9,140.524001419544,-6.0289444,6.0915518,58.719,12.671,16.562,44.07,140.524001419544
20230207163136.3,140.976996347308,-6.0303443,6.0905898,58.846,12.679,16.666,44.2,140.976996347308
20230207163136.8,141.430001333356,-6.0283188,6.090363,58.837,12.691,16.875,44.336,141.430001333356
20230207163137.2,141.88299626112,-6.0266999,6.0906133,58.789,12.703,16.646,44.416,141.88299626112
20230207163137.7,142.340004444122,-6.0247213,6.0901519,58.53,12.689,16.366,44.49,142.340004444122
20230207163138.1,142.778002470732,-6.0290461,6.0899016,58.158,12.638,16.703,44.626,142.778002470732
20230207163138.6,143.230997398496,-6.0242833,6.0904412,58.338,12.634,16.83,44.733,143.230997398496
20230207163139.1,143.684002384543,-6.0267312,6.0898,58.761,12.638,16.58,44.863,143.684002384543
20230207163139.5,144.141000509262,-6.0288349,6.0913328,58.886,12.675,16.82,44.982,144.141000509262
20230207163140,144.59400549531,-6.0248308,6.0910278,59.157,12.665,17,45.1,144.59400549531
20230207163140.4,145.047000423074,-6.0224846,6.0906446,59.598,12.708,16.914,45.236,145.047000423074
20230207163140.9,145.503998547792,-6.0269423,6.0905116,60.076,12.722,16.871,45.355,145.503998547792
20230207163141.3,145.95700353384,-6.0249481,6.0901988,60.487,12.738,16.947,45.46,145.95700353384
20230207163141.8,146.430004388094,-6.0260742,6.0905898,60.64,12.749,17.145,45.565,146.430004388094
20230207163142.2,146.882999315858,-6.0223673,6.0906993,60.651,12.749,17.141,45.655,146.882999315858
20230207163142.7,147.336004301906,-6.0190122,6.0899407,60.889,12.777,17.264,45.779,147.336004301906
20230207163143.2,147.80099876225,-6.0213427,6.0905116,61.281,12.783,17.536,45.879,147.80099876225
20230207163143.6,148.254003748298,-6.0230085,6.0945158,61.422,12.816,17.233,46.017,148.254003748298
20230207163144.1,148.706998676062,-6.0237984,6.0875789,60.017,12.83,16.975,46.169,148.706998676062
20230207163144.5,149.16399680078,-6.0246509,6.0899094,57.357,12.742,17.444,46.3,149.16399680078
20230207163145,149.617001786828,-6.0227974,6.0909652,54.734,12.695,17.213,46.389,149.617001786828
20230207163145.4,150.071002542973,-6.0217885,6.0907384,52.307,12.591,16.945,46.412,150.071002542973
20230207163145.9,150.539004430175,-6.0194267,6.0921383,49.931,12.497,17.118,46.34,150.539004430175
20230207163146.4,150.991999357939,-6.0231024,6.0916222,47.827,12.421,16.583,46.236,150.991999357939
20230207163146.8,151.445004343987,-6.0241895,6.093374,45.877,12.28,16.711,46.131,151.445004343987
20230207163147.3,151.914002001286,-6.0187072,6.0908245,44.022,12.223,16.775,46.017,151.914002001286
20230207163147.7,152.366996929049,-6.0219371,6.090191,42.318,12.161,16.382,45.869,152.366996929049
20230207163148.2,152.820997685194,-6.0198412,6.0894949,40.823,12.1,16.059,45.707,152.820997685194
20230207163148.6,153.274002671242,-6.0227114,6.0900502,39.388,11.992,16.143,45.527,153.274002671242
20230207163149.1,153.726997599006,-6.024862,6.0888458,38.059,11.92,15.77,45.338,153.726997599006
20230207163149.5,154.180002585053,-6.0174559,6.0908948,36.889,11.842,15.78,45.116,154.180002585053
20230207163150,154.637000709772,-6.0221561,6.090582,35.789,11.82,15.713,44.955,154.637000709772
20230207163150.5,155.086002498865,-6.026301,6.0882358,34.763,11.74,15.236,44.768,155.086002498865
20230207163150.9,155.538997426629,-6.0234387,6.0871722,33.796,11.703,15.422,44.609,155.538997426629
20230207163151.4,155.996005609632,-6.0262307,6.0894871,32.882,11.627,15.21,44.479,155.996005609632
20230207163151.8,156.449000537395,-6.0227114,6.0925841,32.058,11.613,14.649,44.359,156.449000537395
20230207163152.3,156.910001859069,-6.0274663,6.092021,31.275,11.564,14.753,44.232,156.910001859069
20230207163152.7,157.366999983788,-6.0236186,6.091411,30.522,11.529,14.342,44.104,157.366999983788
20230207163153.2,157.821000739932,-6.0227035,6.0913797,29.852,11.503,14.316,43.957,157.821000739932
20230207163153.6,158.27400572598,-6.0224533,6.0908948,29.222,11.499,14.365,43.842,158.27400572598
20230207163154.1,158.727000653744,-6.0233136,6.0900346,28.666,11.49,14.244,43.716,158.727000653744
20230207163154.5,159.179995581508,-6.0231728,6.1023756,28.107,11.443,14.162,43.557,159.179995581508
20230207163155,159.633000567555,-6.0376332,6.0524248,27.612,11.423,13.731,43.408,159.633000567555
20230207163155.4,160.082002356648,-6.0369528,6.0767705,27.121,11.413,13.868,43.268,160.082002356648
20230207163155.9,160.534997284412,-6.0282484,6.0889553,26.685,11.39,14.136,43.121,160.534997284412
20230207163156.4,161.004004999995,-6.0334413,6.0799066,26.236,11.361,13.665,43.022,161.004004999995
20230207163156.8,161.456999927759,-6.0267703,6.1254622,25.851,11.368,13.81,42.922,161.456999927759
20230207163157.3,161.910004913807,-6.0216399,6.1116274,25.49,11.339,13.573,42.829,161.910004913807
20230207163157.7,162.362999841571,-6.0232666,6.0977536,25.153,11.312,13.694,42.727,162.362999841571
20230207163158.2,162.82100379467,-6.0218042,6.0928578,24.838,11.314,13.424,42.647,162.82100379467
20230207163158.6,163.273998722434,-6.0235013,6.0886347,24.518,11.296,13.342,42.567,163.273998722434
20230207163159.1,163.727003708482,-6.028092,6.0933349,24.253,11.31,13.42,42.465,163.727003708482
20230207163159.5,164.179998636246,-6.0268485,6.093765,23.996,11.282,13.145,42.372,164.179998636246
20230207163200,164.633003622293,-6.0285299,6.0943672,23.725,11.253,13.01,42.284,164.633003622293
20230207163200.5,165.085998550057,-6.0253704,6.093241,23.495,11.257,12.89,42.217,165.085998550057
20230207163200.9,165.542996674776,-6.0235638,6.0928187,23.269,11.253,12.922,42.121,165.542996674776
20230207163201.4,165.996001660824,-6.0260273,6.0910122,23.067,11.245,13.008,41.993,165.996001660824
20230207163201.8,166.448996588588,-6.0273725,6.090801,22.839,11.251,12.72,41.871,166.448996588588
20230207163202.3,166.902997344732,-6.029531,6.0892525,22.661,11.222,12.746,41.742,166.902997344732
20230207163202.7,167.35600233078,-6.0299142,6.0875007,22.483,11.208,12.724,41.639,167.35600233078
20230207163203.2,167.808997258544,-6.0257927,6.0831602,22.326,11.206,12.783,41.526,167.808997258544
20230207163203.6,168.266005441546,-6.0271691,6.0930142,22.166,11.198,12.8,41.435,168.266005441546
20230207163204.1,168.71900036931,-6.0253782,6.0890492,21.982,11.198,12.47,41.341,168.71900036931
20230207163204.5,169.180001690984,-6.0278104,6.0885408,21.853,11.202,12.483,41.261,169.180001690984
20230207163205,169.648999348283,-6.0271379,6.0900502,21.748,11.192,12.46,41.165,169.648999348283
20230207163205.5,170.102004334331,-6.0279668,6.0916691,21.579,11.165,12.438,41.083,170.102004334331
20230207163205.9,170.554999262094,-6.0283031,6.0915596,21.429,11.183,12.509,41.01,170.554999262094
20230207163206.4,171.023996919394,-6.0286942,6.0900737,21.29,11.183,12.364,40.909,171.023996919394
20230207163206.8,171.477001905441,-6.0288819,6.087618,21.165,11.169,12.495,40.807,171.477001905441
20230207163207.3,171.929996833205,-6.0276227,6.0897843,21.055,11.155,12.354,40.723,171.929996833205
20230207163207.8,172.406005114317,-6.0280685,6.0901206,20.963,11.163,12.346,40.62,172.406005114317
20230207163208.2,172.844003140926,-6.0284987,6.0905429,20.863,11.157,12.258,40.54,172.844003140926
20230207163208.7,173.29699806869,-6.0283657,6.0900189,20.76,11.153,12.21,40.455,173.29699806869
20230207163209.1,173.750003054738,-6.0286316,6.0885565,20.666,11.159,12.352,40.394,173.750003054738
20230207163209.6,174.202997982502,-6.0311264,6.0888849,20.568,11.155,12.221,40.289,174.202997982502
20230207163210,174.65600296855,-6.0299768,6.0915127,20.462,11.14,12.247,40.232,174.65600296855
20230207163210.5,175.113001093268,-6.031189,6.0897687,20.402,11.13,12.182,40.148,175.113001093268
20230207163210.9,175.567001849413,-6.0281858,6.0803837,20.294,11.14,12.149,40.048,175.567001849413
20230207163211.4,176.019996777177,-6.027654,6.0635223,20.22,11.116,12.127,39.951,176.019996777177
20230207163211.8,176.473001763225,-6.0271066,6.1007645,20.151,11.128,12,39.889,176.473001763225
20230207163212.3,176.925996690989,-6.0332771,6.0952666,20.077,11.124,12.151,39.763,176.925996690989
20230207163212.7,177.379001677036,-6.0336134,6.0414681,19.999,11.138,11.947,39.687,177.379001677036
20230207163213.2,177.8319966048,-6.0317599,6.1412599,19.942,11.13,11.998,39.624,177.8319966048
20230207163213.6,178.280998393893,-6.0345597,6.0977692,19.88,11.1,11.992,39.553,178.280998393893
20230207163214.1,178.734999150038,-6.0312828,6.1352693,19.786,11.093,12.01,39.497,178.734999150038
20230207163214.6,179.191997274756,-6.033105,6.1052379,19.705,11.108,11.992,39.406,179.191997274756
20230207163215,179.645002260804,-6.0250576,6.0867577,19.639,11.095,11.973,39.331,179.645002260804
20230207163215.5,180.097997188568,-6.0507171,6.095423,19.561,11.097,11.932,39.235,180.097997188568
20230207163215.9,180.551002174616,-6.0269971,6.0840752,19.508,11.095,11.93,39.17,180.551002174616
20230207163216.4,181.00399710238,-6.0370232,6.0878213,19.436,11.104,11.832,39.092,181.00399710238
20230207163216.8,181.452998891473,-6.026653,6.1075841,19.369,11.093,11.826,39.038,181.452998891473
20230207163217.3,181.909997016191,-6.0328782,6.0983245,19.346,11.093,11.754,38.973,181.909997016191
20230207163217.7,182.363002002239,-6.0281858,6.0973469,19.275,11.077,11.846,38.926,182.363002002239
20230207163218.2,182.817002758384,-11.8268275,6.097558,19.218,11.081,11.812,38.885,182.817002758384
20230207163218.8,183.442004397511,-13.206984,6.0913563,19.169,11.085,11.869,38.845,183.442004397511
20230207163219.4,184.008004143834,-2.2202867,6.0866482,19.083,11.085,11.738,38.725,184.008004143834
20230207163219.9,184.484998136759,-1.4819144,6.0828474,19.011,11.063,11.801,38.633,184.484998136759
20230207163220.3,184.922000393271,-1.4821725,6.0880716,18.964,11.089,11.852,38.557,184.922000393271
20230207163220.7,185.375005379319,-6.0089548,6.0951727,18.933,11.077,11.781,38.513,185.375005379319
20230207163221.2,185.828000307083,-6.0262698,6.0955247,18.913,11.061,11.789,38.448,185.828000307083
20230207163221.6,186.281005293131,-6.0489575,6.0945002,18.86,11.067,11.75,38.371,186.281005293131
20230207163222.1,186.734995990992,-6.0362176,6.0926388,18.817,11.067,11.721,38.337,186.734995990992
20230207163222.6,187.192004173994,-6.0248073,6.0915049,18.786,11.053,11.685,38.295,187.192004173994
20230207163223,187.640995904803,-6.0226253,6.0929204,18.729,11.038,11.748,38.21,187.640995904803
20230207163223.5,188.094000890851,-6.0193485,6.0921305,18.694,11.055,11.771,38.163,188.094000890851
20230207163223.9,188.55099901557,-6.0342938,6.088971,18.635,11.032,11.724,38.138,188.55099901557
20230207163224.4,189.019996672869,-6.0409257,6.0867577,18.604,11.04,11.679,38.098,189.019996672869
20230207163224.8,189.473001658916,-6.0436629,6.0896983,18.565,11.028,11.609,38.044,189.473001658916
20230207163225.3,189.929999783635,-6.044226,6.0942264,18.54,11.03,11.472,38,189.929999783635
20230207163225.7,190.379001572728,-6.0310325,6.0946957,18.508,11.016,11.609,37.998,190.379001572728
20230207163226.2,190.831996500492,-6.0247291,6.0944376,18.469,10.987,11.535,37.977,190.831996500492
20230207163226.7,191.28500148654,-6.0185273,6.0849981,18.436,11.02,11.625,37.964,191.28500148654
20230207163227.1,191.737996414304,-6.0321822,6.0918333,18.401,11.01,11.486,37.92,191.737996414304
20230207163227.6,192.191997170448,-6.0317208,6.0899955,18.356,11.001,11.666,37.887,192.191997170448
20230207163228,192.649005353451,-6.048762,6.0930612,18.305,11.005,11.499,37.836,192.649005353451
20230207163228.5,193.102000281215,-6.0359439,6.1088511,18.26,11.001,11.533,37.738,193.102000281215
20230207163228.9,193.555005267262,-6.0351697,6.1472114,18.219,10.985,11.517,37.681,193.555005267262
20230207163229.4,194.019999727607,-6.0265122,6.1019142,18.188,10.997,11.468,37.597,194.019999727607
20230207163229.8,194.473004713655,-6.0289444,6.0929048,18.127,10.975,11.476,37.503,194.473004713655
20230207163230.3,194.925999641418,-6.0267155,6.0889397,18.08,10.997,11.498,37.407,194.925999641418
20230207163230.8,195.382997766137,-6.030313,6.0922869,18.043,11.01,11.541,37.35,195.382997766137
20230207163231.2,195.836002752185,-6.0303443,6.0914266,18,10.965,11.505,37.271,195.836002752185
20230207163231.7,196.288997679949,-6.0355138,6.0924277,17.982,10.995,11.498,37.185,196.288997679949
20230207163232.1,196.735002100468,-6.0306728,6.0876493,17.992,10.973,11.421,37.101,196.735002100468
20230207163232.6,197.192000225186,-6.037555,6.0921853,18.125,10.983,11.593,37.036,197.192000225186
20230207163233,197.645005211234,-6.0254486,6.0950476,18.446,10.913,11.492,37.004,197.645005211234
20230207163233.5,198.098000138998,-6.042044,6.0918959,18.831,10.96,11.527,36.935,198.098000138998
20230207163233.9,198.551005125046,-6.0339966,6.0897765,19.218,10.962,11.449,36.864,198.551005125046
20230207163234.4,199.020002782345,-6.0418798,6.0865622,19.608,10.977,11.484,36.811,199.020002782345
20230207163234.8,199.472997710109,-6.0248699,6.1015153,19.993,10.989,11.48,36.753,199.472997710109
20230207163235.3,199.921999499202,-6.0384543,6.100436,20.349,10.958,11.398,36.688,199.921999499202
20230207163235.7,200.37899762392,-6.0320258,6.0784051,20.721,10.965,11.396,36.623,200.37899762392
20230207163236.2,200.832002609968,-6.0403469,6.0876258,21.065,10.965,11.388,36.562,200.832002609968
20230207163236.7,201.289000734687,-6.0378209,6.1057385,21.419,10.946,11.396,36.497,201.289000734687
20230207163237.1,201.742005720735,-6.034458,6.1021644,21.781,10.948,11.355,36.449,201.742005720735
20230207163237.6,202.195000648499,-6.0310873,6.0924512,22.063,10.96,11.357,36.409,202.195000648499
20230207163238,202.649001404643,-6.0282406,6.0916065,22.398,10.96,11.368,36.367,202.649001404643
20230207163238.5,203.098003193736,-6.0357015,6.0957045,22.725,10.928,11.302,36.325,203.098003193736
20230207163238.9,203.555001318455,-6.0382745,6.0910669,23.007,10.95,11.31,36.3,203.555001318455
20230207163239.4,204.020005837083,-6.041958,6.0909809,23.296,10.944,11.318,36.252,204.020005837083
20230207163239.8,204.477003961802,-6.0421613,6.0907463,23.611,10.948,11.363,36.223,204.477003961802
20230207163240.3,204.929998889565,-6.038251,6.0902927,23.88,10.942,11.312,36.181,204.929998889565
20230207163240.8,205.383003875613,-6.0323308,6.0895262,24.137,10.932,11.318,36.143,205.383003875613
20230207163241.2,205.835998803377,-6.0315956,6.088924,24.41,10.954,11.349,36.105,205.835998803377
20230207163241.7,206.28500059247,-6.0322917,6.0936086,24.665,10.934,11.335,36.055,206.28500059247
20230207163242.1,206.738005578518,-6.0383136,6.0892603,24.903,10.948,11.345,36.03,206.738005578518
20230207163242.6,207.191996276379,-6.042568,6.0919115,25.159,10.946,11.304,35.969,207.191996276379
20230207163243,207.649004459381,-6.0419736,6.0869454,25.381,10.938,11.269,35.91,207.649004459381
20230207163243.5,208.1169962883,-6.0394085,6.1034079,25.631,10.94,11.304,35.862,208.1169962883
20230207163243.9,208.570997044444,-6.034372,6.1508245,25.867,10.946,11.251,35.826,208.570997044444
20230207163244.4,209.043002128601,-6.0334804,6.0742757,26.086,10.932,11.239,35.795,209.043002128601
20230207163244.9,209.495997056365,-6.0287176,6.0852405,26.32,10.919,11.261,35.786,209.495997056365
20230207163245.3,209.944998845458,-6.0350993,6.10035,26.529,10.924,11.257,35.755,209.944998845458
20230207163245.8,210.398999601603,-6.0347708,6.0902457,26.726,10.934,11.292,35.738,210.398999601603
20230207163246.2,210.85200458765,-6.0404955,6.0953839,26.916,10.922,11.302,35.734,210.85200458765
20230207163246.7,211.309002712369,-6.0403782,6.0874929,27.128,10.909,11.202,35.677,211.309002712369
20230207163247.1,211.761997640133,-6.0392442,6.0910904,27.328,10.934,11.376,35.617,211.761997640133
20230207163247.6,212.215002626181,-6.0372969,6.0918881,27.508,10.874,11.298,35.575,212.215002626181
20230207163248,212.667997553945,-6.0214444,6.0906133,27.699,10.919,11.214,35.524,212.667997553945
20230207163248.5,213.121002539992,-6.0295857,6.0893229,27.866,10.897,11.267,35.438,213.121002539992
20230207163248.9,213.573997467756,-6.0391895,6.0911764,28.034,10.903,11.179,35.373,213.573997467756
20230207163249.4,214.043005183339,-6.033629,6.0933192,28.206,10.883,11.202,35.33,214.043005183339
20230207163249.9,214.500003308058,-6.03786,6.0914736,28.38,10.905,11.282,35.258,214.500003308058
20230207163250.3,214.952998235822,-6.0364132,6.0910669,28.554,10.893,11.286,35.198,214.952998235822
20230207163250.8,215.406003221869,-6.0393772,6.0901362,28.719,10.891,11.226,35.158,215.406003221869
20230207163251.2,215.875000879169,-6.0377974,6.0886269,28.889,10.883,11.216,35.072,215.875000879169
20230207163251.8,216.405997797847,-6.0387203,6.0928265,29.061,10.883,11.32,34.966,216.405997797847
20230207163252.2,216.859998553991,-6.038251,6.0910825,29.22,10.858,11.273,34.902,216.859998553991
