20230209144307.2,0,5.8948931,-6.0424038,17.389,9.85,9.919,43.154,11.799,0
20230209144307.7,0.538993254303932,5.9547055,-6.0459622,17.391,9.854,9.907,43.158,11.779,0.538993254303932
20230209144308.2,1.0390006005764,5.9547524,-6.0465487,17.366,9.852,9.933,43.133,11.789,1.0390006005764
20230209144308.7,1.55000165104866,6.0066583,-6.0417859,17.36,9.843,9.927,43.154,11.785,1.55000165104866
20230209144309.2,2.04999893903732,6.0979413,-6.0497474,17.331,9.874,9.909,43.15,11.773,2.04999893903732
20230209144309.7,2.54999622702599,6.0236683,-6.0456337,17.315,9.856,9.921,43.136,11.783,2.54999622702599
20230209144310.2,3.04999351501465,6.1008271,-6.0495128,17.278,9.864,9.938,43.136,11.771,3.04999351501465
20230209144310.7,3.55399399995804,6.0555296,-6.0444684,17.292,9.852,9.923,43.148,11.762,3.55399399995804
20230209144311.2,4.05799448490143,6.0295103,-6.0370153,17.284,9.846,9.931,43.136,11.758,4.05799448490143
20230209144311.8,4.56599816679955,6.0411865,-6.0279668,17.309,9.85,9.909,43.154,11.697,4.56599816679955
20230209144312.3,5.06599545478821,5.8898879,-6.0288428,17.323,9.868,9.925,43.158,11.707,5.06599545478821
20230209144312.8,5.58499284088612,5.9664834,-6.0473777,17.356,9.843,9.913,43.136,11.689,5.58499284088612
20230209144313.3,6.10100291669369,6.139946,-6.0344032,17.378,9.843,9.923,43.136,11.674,6.10100291669369
20230209144313.8,6.58499747514725,5.9639573,-6.0396196,17.354,9.852,9.927,43.167,11.662,6.58499747514725
20230209144314.3,7.07799419760704,5.9703468,-6.0311968,17.321,9.86,9.923,43.144,11.632,7.07799419760704
20230209144314.8,7.57800154387951,6.0266949,-6.0383214,17.333,9.85,9.915,43.135,11.656,7.57800154387951
20230209144315.3,8.07799883186817,6.1626337,-6.0373047,17.313,9.854,9.921,43.159,11.638,8.07799883186817
20230209144315.8,8.57799611985683,6.118361,-6.0360221,17.315,9.86,9.927,43.15,11.632,8.57799611985683
20230209144316.3,9.08199660480022,6.0307381,-6.0483397,17.301,9.864,9.929,43.15,11.613,9.08199660480022
20230209144316.8,9.58899445831776,5.9662019,-6.040824,17.303,9.874,9.925,43.159,11.603,9.58899445831776
20230209144317.3,10.0739948451519,5.9736471,-6.041872,17.313,9.854,9.933,43.161,11.638,10.0739948451519
20230209144317.8,10.5740021914244,6.2353893,-6.0399716,17.342,9.86,9.915,43.161,11.603,10.5740021914244
20230209144318.3,11.0659930855036,6.3910363,-6.0449533,17.352,9.85,9.94,43.165,11.607,11.0659930855036
20230209144318.8,11.566000431776,5.9537279,-6.0397213,17.344,9.868,9.917,43.169,11.632,11.566000431776
20230209144319.3,12.0739940553904,6.1833428,-6.0419267,17.34,9.85,9.931,43.161,11.629,12.0739940553904
20230209144319.8,12.5699982047081,6.2460411,-6.0402766,17.311,9.852,9.934,43.152,11.63,12.5699982047081
20230209144320.3,13.0699954926968,6.0425552,-6.0368511,17.319,9.864,9.913,43.158,11.648,13.0699954926968
20230209144320.8,13.5779991745949,5.9037539,-6.0295388,17.34,9.868,9.921,43.158,11.648,13.5779991745949
20230209144321.3,14.0779964625835,6.0251385,-6.0434048,17.395,9.862,9.921,43.169,11.656,14.0779964625835
20230209144321.8,14.5699974149466,5.9830165,-6.0374846,17.389,9.848,9.933,43.161,11.66,14.5699974149466
20230209144322.2,15.0579951703548,5.9978679,-6.0389549,17.397,9.87,9.936,43.173,11.662,15.0579951703548
20230209144322.7,15.5580025166273,6.0079957,-6.0492938,17.393,9.854,9.933,43.156,11.675,15.5580025166273
20230209144323.2,16.0419970750809,5.9055527,-6.0394006,17.372,9.846,9.938,43.161,11.675,16.0419970750809
20230209144323.7,16.5349937975407,5.4923709,-6.0404252,17.409,9.852,9.919,43.192,11.658,16.5349937975407
20230209144324.2,17.0350011438131,5.5437136,-6.0418798,17.419,9.843,9.936,43.161,11.658,17.0350011438131
20230209144324.7,17.5390016287565,5.8381384,-6.0410664,17.415,9.858,9.927,43.177,11.654,17.5390016287565
20230209144325.2,18.0389989167452,5.8835766,-6.0431624,17.407,9.858,9.934,43.173,11.644,18.0389989167452
20230209144325.7,18.5389962047338,5.8959176,-6.0439523,17.434,9.868,9.931,43.167,11.646,18.5389962047338
20230209144326.2,19.0459940582514,5.9093144,-6.0426071,17.417,9.86,9.917,43.163,11.632,19.0459940582514
20230209144326.7,19.5419982075691,5.9658578,-6.0396196,17.362,9.864,9.938,43.182,11.619,19.5419982075691
20230209144327.2,20.031001791358,6.0080426,-6.0437098,17.366,9.858,9.923,43.163,11.625,20.031001791358
20230209144327.7,20.5389954149723,5.985347,-6.0413793,17.36,9.846,9.936,43.163,11.623,20.5389954149723
20230209144328.2,21.0390027612448,5.9140381,-6.0434048,17.389,9.872,9.936,43.177,11.607,21.0390027612448
20230209144328.7,21.5580001473427,5.8314283,-6.0400341,17.362,9.87,9.921,43.177,11.65,21.5580001473427
20230209144329.3,22.065993770957,5.9225391,-6.040214,17.307,9.86,9.954,43.161,11.644,22.065993770957
20230209144329.8,22.5819937884808,5.9856129,-6.0414888,17.376,9.848,9.934,43.179,11.672,22.5819937884808
20230209144330.3,23.0890017002821,5.967766,-6.0442651,17.395,9.86,9.998,43.247,11.718,23.0890017002821
20230209144330.8,23.5740020871162,6.0752533,-6.0461186,17.426,9.928,9.987,43.23,11.716,23.5740020871162
20230209144331.3,24.0739993751049,6.0658138,-6.0459309,17.451,9.94,10.002,43.182,11.636,24.0739993751049
20230209144331.8,24.5779998600483,6.1362468,-6.0425837,17.356,9.85,9.913,43.167,11.63,24.5779998600483
20230209144332.3,25.077997148037,6.3148943,-6.0518902,17.366,9.864,9.931,43.169,11.621,25.077997148037
20230209144332.8,25.5779944360256,6.2030509,-6.0521561,17.364,9.858,9.929,43.188,11.615,25.5779944360256
20230209144333.3,26.085002347827,6.2219222,-6.0558866,17.309,9.868,9.952,43.179,11.605,26.085002347827
20230209144333.8,26.5849996358156,6.1321957,-6.0494267,17.323,9.864,9.934,43.186,11.615,26.5849996358156
20230209144334.3,27.089000120759,6.1279648,-6.0494658,17.305,9.864,9.921,43.184,11.611,27.089000120759
20230209144334.8,27.5779936462641,6.1546567,-6.0434205,17.317,9.868,9.929,43.18,11.623,27.5779936462641
20230209144335.3,28.0819941312075,6.0151125,-6.0434126,17.335,9.848,9.917,43.15,11.652,28.0819941312075
20230209144335.8,28.5929951816797,6.1539685,-6.0412541,17.354,9.864,9.936,43.19,11.65,28.5929951816797
20230209144336.3,29.0779955685139,6.1007098,-6.0427088,17.315,9.87,9.954,43.179,11.652,29.0779955685139
20230209144336.8,29.5849934220314,6.1396723,-6.0411916,17.342,9.868,9.936,43.18,11.636,29.5849934220314
20230209144337.3,30.0699938088655,6.1869716,-6.0447109,17.346,9.858,9.934,43.179,11.629,30.0699938088655
20230209144337.8,30.5739942938089,6.1609758,-6.0480738,17.35,9.87,9.94,43.188,11.64,30.5739942938089
20230209144338.3,31.0849953442812,6.0670495,-6.0518902,17.344,9.876,9.936,43.19,11.644,31.0849953442812
20230209144338.8,31.5850026905537,6.0640229,-6.0536108,17.352,9.874,9.929,43.194,11.662,31.5850026905537
20230209144339.3,32.0849999785423,5.9647003,-6.040214,17.338,9.856,9.907,43.177,11.679,32.0849999785423
20230209144339.8,32.5890004634857,5.8064256,-6.0377974,17.319,9.856,9.929,43.184,11.683,32.5890004634857
20230209144340.3,33.0889977514744,5.8960036,-6.0369059,17.315,9.874,9.919,43.201,11.715,33.0889977514744
20230209144340.8,33.588995039463,5.8680759,-6.0288193,17.301,9.854,9.936,43.201,11.695,33.588995039463
20230209144341.3,34.0890023857355,5.8504716,-6.0241034,17.295,9.864,9.942,43.203,11.685,34.0890023857355
20230209144341.8,34.5889996737242,5.868068,-6.0393459,17.274,9.868,9.946,43.2,11.67,34.5889996737242
20230209144342.3,35.0889969617128,5.8675128,-6.0435925,17.264,9.854,9.942,43.2,11.681,35.0889969617128
20230209144342.8,35.5929974466562,5.9533603,-6.0402922,17.27,9.843,9.938,43.2,11.687,35.5929974466562
20230209144343.3,36.0929947346449,5.9311419,-6.0508814,17.297,9.854,9.921,43.2,11.691,36.0929947346449
20230209144343.8,36.5969952195883,5.9210454,-6.0462046,17.317,9.85,9.921,43.2,11.709,36.5969952195883
20230209144344.3,37.092999368906,5.8713684,-6.0483788,17.28,9.866,9.934,43.18,11.693,37.092999368906
20230209144344.8,37.5929966568947,6.0135092,-6.0534153,17.329,9.852,9.919,43.182,11.66,37.5929966568947
20230209144345.3,38.0969971418381,6.092459,-6.0508657,17.299,9.862,9.938,43.201,11.654,38.0969971418381
20230209144345.8,38.5969944298267,6.0740098,-6.0270988,17.331,9.87,9.929,43.196,11.677,38.5969944298267
20230209144346.3,39.0970017760992,5.9859805,-6.0385404,17.352,9.862,9.933,43.194,11.715,39.0970017760992
20230209144346.8,39.5969990640879,5.9990958,-6.0407458,17.342,9.843,9.942,43.201,11.709,39.5969990640879
20230209144347.3,40.1089958846569,5.8431436,-6.0423881,17.376,9.85,9.921,43.18,11.715,40.1089958846569
20230209144347.8,40.5930005013943,5.7811571,-6.0451332,17.323,9.862,9.94,43.209,11.697,40.5930005013943
20230209144348.3,41.0929977893829,5.7489514,-6.050592,17.335,9.86,9.942,43.192,11.691,41.0929977893829
20230209144348.8,41.5969982743263,5.7744548,-6.0393694,17.315,9.866,9.923,43.205,11.695,41.5969982743263
20230209144349.3,42.096995562315,5.7303304,-6.036069,17.381,9.916,10.008,43.27,11.734,42.096995562315
20230209144349.8,42.6169987767935,5.7529634,-6.0390956,17.385,9.92,10.008,43.264,11.737,42.6169987767935
20230209144350.3,43.123996630311,5.7690194,-6.0530164,17.406,9.92,9.995,43.277,11.712,43.123996630311
20230209144350.8,43.6209965497255,5.8057452,-6.0322291,17.379,9.93,9.996,43.262,11.712,43.6209965497255
20230209144351.3,44.1089943051338,5.8947993,-6.0416608,17.399,9.928,9.985,43.254,11.712,44.1089943051338
20230209144351.8,44.6090016514063,6.0690203,-6.0428339,17.4,9.922,9.993,43.272,11.704,44.6090016514063
20230209144352.3,45.1130021363497,6.2496855,-6.0406832,17.389,9.942,10.012,43.268,11.72,45.1130021363497
20230209144352.8,45.6279963254929,6.2577877,-6.0465253,17.373,9.936,10.014,43.277,11.7,45.6279963254929
20230209144353.3,46.1240004748106,6.0686918,-6.0407302,17.357,9.922,10.016,43.268,11.736,46.1240004748106
20230209144353.8,46.6090008616447,6.0407173,-6.0378678,17.365,9.924,10.004,43.281,11.784,46.6090008616447
20230209144354.3,47.1089981496334,6.1446071,-6.0419893,17.359,9.92,9.989,43.266,11.78,47.1089981496334
20230209144354.8,47.6129986345768,6.3390836,-6.047714,17.352,9.922,9.989,43.268,11.816,47.6129986345768
20230209144355.3,48.1129959225655,6.4098764,-6.0463141,17.379,9.928,9.996,43.279,11.814,48.1129959225655
20230209144355.8,48.6129932105541,6.3843261,-6.049677,17.395,9.92,9.985,43.287,11.816,48.6129932105541
20230209144356.3,49.1130005568266,6.3517766,-6.0514132,17.389,9.924,10.008,43.275,11.843,49.1130005568266
20230209144356.8,49.61700104177,6.2898055,-6.0480425,17.371,9.914,10.002,43.281,11.816,49.61700104177
20230209144357.3,50.1169983297586,6.2265363,-6.0449064,17.365,9.926,9.927,43.203,11.736,50.1169983297586
20230209144357.8,50.6169956177473,6.1387495,-6.0385873,17.323,9.866,9.948,43.236,11.724,50.6169956177473
20230209144358.3,51.116992905736,6.0550995,-6.0440227,17.329,9.862,9.923,43.215,11.742,51.116992905736
20230209144358.8,51.6209933906794,5.809507,-6.0401045,17.337,9.87,9.919,43.213,11.746,51.6209933906794
20230209144359.3,52.1210007369518,5.4284601,-6.0339184,17.344,9.854,9.921,43.228,11.705,52.1210007369518
20230209144359.8,52.6279985904694,5.3619767,-6.0442416,17.327,9.862,9.925,43.232,11.73,52.6279985904694
20230209144400.3,53.1170021742582,6.0582903,-6.0486212,17.301,9.872,9.895,43.211,11.722,53.1170021742582
20230209144400.8,53.6169994622469,6.8071665,-6.0447343,17.323,9.882,9.915,43.228,11.701,53.6169994622469
20230209144401.3,54.1209999471903,7.7477038,-6.0513741,17.35,9.858,9.923,43.234,11.715,54.1209999471903
20230209144401.8,54.6209972351789,6.8630609,-6.0508892,17.303,9.868,9.923,43.228,11.691,54.6209972351789
20230209144402.3,55.1360014826059,4.802134,-6.0486838,17.323,9.868,9.917,43.234,11.697,55.1360014826059
20230209144402.8,55.6280024349689,6.138288,-6.0505451,17.327,9.87,9.929,43.219,11.679,55.6280024349689
20230209144403.3,56.116995960474,6.1278709,-6.0469241,17.327,9.864,9.933,43.223,11.707,56.116995960474
20230209144403.8,56.6169932484627,6.0790151,-6.0410117,17.311,9.872,9.919,43.223,11.719,56.6169932484627
20230209144404.3,57.1170005947351,6.8385432,-6.0517651,17.346,9.868,9.911,43.244,11.78,57.1170005947351
20230209144404.8,57.6169978827238,6.2053267,-6.0458214,17.404,9.936,9.981,43.285,11.759,57.6169978827238
20230209144405.3,58.1320021301508,5.8071529,-6.0429043,17.43,9.918,9.991,43.3,11.72,58.1320021301508
20230209144405.8,58.6170025169849,5.9594761,-6.0365148,17.432,9.912,9.993,43.297,11.739,58.6170025169849
20230209144406.3,59.1169998049736,6.3447536,-6.0403391,17.43,9.924,9.983,43.295,11.734,59.1169998049736
20230209144406.8,59.621000289917,5.759087,-6.0431858,17.444,9.926,9.983,43.304,11.755,59.621000289917
20230209144407.3,60.1169943809509,5.5996315,-6.0314705,17.418,9.928,9.989,43.298,11.753,60.1169943809509
20230209144407.8,60.6089953333139,5.8322885,-6.0347708,17.459,9.908,9.969,43.295,11.753,60.6089953333139
20230209144408.3,61.1090026795864,5.101736,-6.0334961,17.451,9.93,9.987,43.295,11.765,61.1090026795864
20230209144408.8,61.6209995001554,5.2918644,-6.03969,17.465,9.918,10.008,43.316,11.734,61.6209995001554
20230209144409.3,62.127997353673,5.3329463,-6.0409648,17.453,9.918,9.985,43.289,11.796,62.127997353673
20230209144409.8,62.6279946416616,5.9319474,-6.0457979,17.432,9.924,9.995,43.291,11.786,62.6279946416616
20230209144410.3,63.1280019879341,5.6839774,-6.0371561,17.451,9.926,9.998,43.281,11.794,63.1280019879341
20230209144410.8,63.6279992759228,6.2613696,-6.0400185,17.465,9.924,9.987,43.314,11.792,63.6279992759228
20230209144411.3,64.1359928995371,6.1868152,-6.0428105,17.451,9.916,9.996,43.312,11.818,64.1359928995371
20230209144411.8,64.6240007132292,6.6742073,-6.042959,17.432,9.91,9.993,43.3,11.796,64.6240007132292
20230209144412.3,65.116997435689,6.4173295,-6.0446874,17.459,9.928,9.979,43.285,11.804,65.116997435689
20230209144412.8,65.6399980187416,5.9648645,-6.0441321,17.447,9.936,10,43.308,11.79,65.6399980187416
20230209144413.3,66.124002635479,5.9514834,-6.0398386,17.41,9.922,9.996,43.298,11.82,66.124002635479
20230209144413.8,66.6239999234676,6.0506261,-6.0419267,17.432,9.912,9.991,43.304,11.831,66.6239999234676
20230209144414.3,67.1439930796623,6.4856195,-6.0504825,17.416,9.891,9.973,43.302,11.825,67.1439930796623
20230209144414.8,67.6559999585152,5.7999423,-6.0469867,17.43,9.914,9.991,43.304,11.833,67.6559999585152
20230209144415.3,68.1480009108782,5.7728281,-6.0440148,17.451,9.914,9.977,43.312,11.843,68.1480009108782
20230209144415.8,68.6479981988668,5.9255579,-6.0438975,17.442,9.93,10,43.289,11.857,68.6479981988668
20230209144416.3,69.1479954868555,6.0744713,-6.0470493,17.428,9.928,9.998,43.306,11.863,69.1479954868555
20230209144416.8,69.6519959717989,6.1439893,-6.041958,17.451,9.918,9.993,43.319,11.867,69.6519959717989
20230209144417.3,70.1519932597876,6.1265414,-6.0493563,17.445,9.934,9.996,43.319,11.861,70.1519932597876
20230209144417.8,70.65200060606,6.1660044,-6.0500602,17.41,9.92,9.975,43.314,11.855,70.65200060606
20230209144418.4,71.1639974266291,5.8701874,-6.0428417,17.43,9.912,9.985,43.314,11.869,71.1639974266291
20230209144418.9,71.6639947146177,5.7237141,-6.0386108,17.426,9.92,9.991,43.304,11.872,71.6639947146177
20230209144419.4,72.1640020608902,5.6114485,-6.0350915,17.453,9.922,10,43.304,11.898,72.1640020608902
20230209144419.9,72.6789962500334,5.6185809,-6.0390644,17.43,9.93,10.01,43.312,11.927,72.6789962500334
20230209144420.4,73.178993538022,5.7307762,-6.0374846,17.389,9.93,9.996,43.321,11.923,73.178993538022
20230209144420.9,73.6790008842945,6.1231081,-6.0384465,17.418,9.934,9.991,43.308,11.88,73.6790008842945
20230209144421.4,74.1950009018183,6.3515107,-6.0309543,17.412,9.918,9.991,43.323,11.892,74.1950009018183
20230209144421.9,74.6949981898069,6.602695,-6.0408709,17.395,9.93,10.004,43.325,11.869,74.6949981898069
20230209144422.4,75.2139955759048,6.6719862,-6.0392364,17.377,9.916,9.996,43.321,11.869,75.2139955759048
20230209144422.9,75.7299955934286,6.3790863,-6.0405346,17.375,9.922,9.996,43.321,11.833,75.7299955934286
20230209144423.4,76.2379992753267,6.2709264,-6.0454226,17.35,9.918,9.995,43.325,11.849,76.2379992753267
20230209144423.9,76.7379965633154,6.3468652,-6.0442651,17.387,9.932,10,43.327,11.841,76.7379965633154
20230209144424.4,77.2379938513041,5.9983684,-6.0485743,17.397,9.912,9.998,43.325,11.833,77.2379938513041
20230209144424.9,77.7419943362474,6.3167478,-6.0518511,17.393,9.926,9.987,43.319,11.837,77.7419943362474
20230209144425.4,78.2420016825199,6.2276703,-6.0438662,17.406,9.912,9.973,43.333,11.822,78.2420016825199
20230209144425.9,78.7569958716631,6.1881056,-6.0463923,17.402,9.924,9.975,43.331,11.818,78.7569958716631
20230209144426.4,79.2569931596518,6.0655714,-6.0498725,17.418,9.93,9.996,43.319,11.833,79.2569931596518
20230209144426.9,79.7609936445951,6.3511822,-6.0382745,17.428,9.912,9.989,43.325,11.841,79.7609936445951
20230209144427.5,80.273000523448,5.8949322,-6.0359283,17.434,9.93,9.985,43.335,11.853,80.273000523448
20230209144427.9,80.7569950819016,5.7994339,-6.0419658,17.426,9.936,9.996,43.331,11.87,80.7569950819016
20230209144428.5,81.2649987637997,5.9478781,-6.0439914,17.469,9.92,9.983,43.329,11.908,81.2649987637997
20230209144428.9,81.752996519208,5.8997888,-6.0465174,17.426,9.932,9.971,43.316,11.906,81.752996519208
20230209144429.4,82.2529938071966,5.8872289,-6.0488871,17.447,9.914,9.971,43.339,11.941,82.2529938071966
20230209144429.9,82.7530011534691,6.0747059,-6.0424663,17.418,9.924,9.967,43.327,11.99,82.7530011534691
20230209144430.5,83.2649979740381,5.954205,-6.0200445,17.492,9.934,9.983,43.344,12.211,83.2649979740381
20230209144430.9,83.7499983608723,5.9184333,-6.0367494,17.539,9.922,9.987,43.329,12.232,83.7499983608723
20230209144431.5,84.2650026082993,5.8673876,-6.0420597,17.563,9.942,9.989,43.342,12.191,84.2650026082993
20230209144432,84.7649998962879,5.7360317,-6.0426149,17.551,9.926,9.983,43.35,12.189,84.7649998962879
20230209144432.5,85.2690003812313,5.7599003,-6.048629,17.524,9.938,9.981,43.342,12.404,85.2690003812313
20230209144433,85.76899766922,5.8976851,-6.0385795,17.622,9.94,9.989,43.329,12.489,85.76899766922
20230209144433.5,86.2689949572086,5.8505185,-6.0435847,17.627,9.924,9.996,43.341,12.508,86.2689949572086
20230209144434,86.7690023034811,5.7905731,-6.0387203,17.655,9.938,10,43.341,12.498,86.7690023034811
20230209144434.5,87.2730027884245,5.7909251,-6.0349585,17.641,9.93,9.989,43.327,12.788,87.2730027884245
20230209144435,87.7730000764132,5.8976303,-6.0432484,17.731,9.93,10.002,43.352,12.831,87.7730000764132
20230209144435.5,88.2770005613565,5.9416606,-6.0386499,17.725,9.92,10.016,43.327,12.849,88.2770005613565
20230209144436,88.7769978493452,5.930047,-6.0433579,17.713,9.926,10.004,43.35,12.806,88.7769978493452
20230209144436.5,89.2889946699142,5.7608857,-6.0428105,17.682,9.936,9.985,43.339,12.751,89.2889946699142
20230209144437,89.7729992866516,5.9169083,-6.0447031,17.717,9.924,9.983,43.348,12.706,89.7729992866516
20230209144437.5,90.276999771595,5.748709,-6.0466269,17.702,9.93,9.979,43.352,12.678,90.276999771595
20230209144438,90.7769970595837,5.8053542,-6.0401827,17.68,9.916,10.014,43.348,12.594,90.7769970595837
20230209144438.5,91.2769943475723,5.8108599,-6.0436785,17.657,9.94,10.002,43.344,12.557,91.2769943475723
20230209144439,91.7770016938448,5.8960036,-6.0247917,17.674,9.94,9.993,43.356,12.534,91.7770016938448
20230209144439.5,92.2769989818335,5.8444888,-6.0334178,17.631,9.918,9.998,43.339,12.569,92.2769989818335
20230209144440,92.7809994667768,5.8935636,-6.0402375,17.686,9.924,9.996,43.342,12.804,92.7809994667768
20230209144440.5,93.2809967547655,5.9360063,-6.0400419,17.733,9.92,9.991,43.352,12.845,93.2809967547655
20230209144441,93.7849972397089,6.010381,-6.0436082,17.719,9.928,9.989,43.352,12.804,93.7849972397089
20230209144441.5,94.2889977246523,5.9721768,-6.0460404,17.755,9.922,9.991,43.339,12.847,94.2889977246523
20230209144442,94.7920024394989,5.9639104,-6.0402687,17.825,9.932,9.983,43.358,12.939,94.7920024394989
20230209144442.5,95.280995965004,6.030003,-6.040519,17.823,9.918,10.002,43.342,12.878,95.280995965004
20230209144443,95.772996917367,6.1136139,-6.0454851,17.831,9.926,9.996,43.358,12.841,95.772996917367
20230209144443.5,96.284993737936,6.2487627,-6.0406598,17.8,9.936,10.002,43.342,12.811,96.284993737936
20230209144444,96.7850010842085,6.0612543,-6.0377427,17.792,9.932,9.981,43.36,12.776,96.7850010842085
20230209144444.5,97.2849983721972,6.0380192,-6.0386342,17.774,9.928,9.977,43.354,13.146,97.2849983721972
20230209144445,97.7849956601858,6.1406499,-6.0380868,17.852,9.93,9.998,43.356,13.406,97.7849956601858
20230209144445.5,98.2889961451292,6.173653,-6.0336837,17.889,9.93,9.987,43.356,13.341,98.2889961451292
20230209144446,98.7999971956015,6.3057833,-6.0425915,17.931,9.93,9.996,43.36,13.51,98.7999971956015
20230209144446.5,99.2890007793903,6.0631,-6.0396822,18.011,9.932,10.004,43.356,13.551,99.2890007793903
20230209144447,99.788998067379,6.0937337,-6.0320727,18.017,9.94,9.985,43.354,13.461,99.788998067379
20230209144447.5,100.288995355368,6.2597976,-6.0380164,18.021,9.93,9.983,43.363,13.369,100.288995355368
20230209144448,100.792000070214,6.0618878,-6.036726,18.007,9.936,9.967,43.36,13.314,100.792000070214
20230209144448.5,101.291997358203,5.8405863,-6.0409179,17.948,9.93,10,43.356,13.252,101.291997358203
20230209144449,101.788997277617,5.883952,-6.0398542,17.96,9.934,10.002,43.363,13.334,101.788997277617
20230209144449.5,102.292001992464,5.7326844,-6.0407536,17.97,9.928,9.981,43.373,13.559,102.292001992464
20230209144450,102.808002009988,5.9341372,-6.0373751,18.003,9.93,10.006,43.369,13.519,102.808002009988
20230209144450.5,103.307999297976,5.9497707,-6.0336134,18.005,9.94,10.006,43.384,13.619,103.307999297976
20230209144451,103.807996585965,5.9984388,-6.0381572,18.013,9.936,10.014,43.367,13.561,103.807996585965
20230209144451.5,104.307993873954,5.9432404,-6.0419267,18.021,9.942,10.018,43.363,13.467,104.307993873954
20230209144452,104.811994358897,5.8804171,-6.0345831,18.036,9.952,9.996,43.373,13.919,104.811994358897
20230209144452.5,105.31200170517,5.9430918,-6.0406676,18.163,9.948,10.008,43.373,14.11,105.31200170517
20230209144453,105.811998993158,5.9878966,-6.0336525,18.201,9.934,9.983,43.373,14.032,105.811998993158
20230209144453.5,106.315999478102,6.0292835,-6.0378834,18.24,9.942,10.002,43.379,14.067,106.315999478102
20230209144454,106.81599676609,6.0783425,-6.0357562,18.251,9.94,10.002,43.384,13.989,106.81599676609
20230209144454.5,107.315994054079,6.00109,-6.0222108,18.216,9.959,10.016,43.377,14.171,107.315994054079
20230209144455,107.811998203397,5.9091189,-6.0299689,18.259,9.948,10.018,43.371,14.249,107.811998203397
20230209144455.5,108.311995491385,5.9212565,-6.0362489,18.287,9.944,10.004,43.356,14.963,108.311995491385
20230209144456,108.827995508909,6.0478888,-6.0367651,18.377,9.95,10.008,43.394,15.266,108.827995508909
20230209144456.5,109.331995993853,5.8474684,-6.0445779,18.447,9.95,10.008,43.365,15.503,109.331995993853
20230209144457,109.831993281841,5.8030627,-6.0387594,18.515,9.948,10.006,43.377,16.553,109.831993281841
20230209144457.5,110.332000628114,5.8340091,-6.0410821,18.75,9.965,10.016,43.383,17.846,110.332000628114
20230209144458,110.843001678586,5.8534278,-6.0332067,18.924,9.952,10.01,43.371,18.828,110.843001678586
20230209144458.5,111.32800206542,5.7456276,-6.0404564,19.163,9.957,10.016,43.388,20.477,111.32800206542
20230209144459,111.827999353409,5.4919955,-6.03036,19.355,9.961,10.022,43.356,22.062,111.827999353409
20230209144459.5,112.331999838352,5.5083564,-6.0283344,19.644,9.942,10.02,43.386,25.622,112.331999838352
20230209144500,112.827993929386,4.9925126,-6.0323386,20.164,9.948,10.022,43.358,29.873,112.827993929386
20230209144500.5,113.328001275659,5.5537084,-6.0390878,20.781,9.95,10.028,43.369,32.181,113.328001275659
20230209144501,113.827998563647,5.2886423,-6.0353495,21.309,9.934,10.02,43.354,33.075,113.827998563647
20230209144501.5,114.331999048591,5.0985686,-6.0398934,21.442,9.955,10.077,43.344,36.32,114.331999048591
20230209144502,114.846993237734,5.6084532,-6.0339418,21.812,9.961,10.057,43.354,38.334,114.846993237734
20230209144502.5,115.347000584006,5.7196239,-6.038079,22.126,9.969,10.047,43.346,39.581,115.347000584006
20230209144503,115.846997871995,5.8419158,-6.036421,22.355,9.961,10.043,43.346,42.776,115.846997871995
20230209144503.5,116.346995159984,5.8851329,-6.0423569,22.769,9.991,10.059,43.35,42.836,116.346995159984
20230209144504,116.847002506256,5.9150704,-6.0428261,22.833,9.977,10.055,43.319,44.849,116.847002506256
20230209144504.5,117.358999326825,5.3667942,-6.0426071,23.194,9.985,10.059,43.321,46.991,117.358999326825
20230209144505,117.842993885279,5.8526457,-6.0443277,23.589,10,10.088,43.318,52.899,117.842993885279
20230209144505.5,118.343001231551,5.6109558,-6.0467912,24.073,9.989,10.081,43.314,55.895,118.343001231551
20230209144506,118.84299851954,5.8991006,-6.0460326,24.74,9.995,10.09,43.289,55.187,118.84299851954
20230209144506.5,119.342995807528,5.6766181,-6.0410664,24.792,10.014,10.133,43.291,58.802,119.342995807528
20230209144507,119.846996292472,5.8690769,-6.0461733,25.228,10.018,10.131,43.283,60.16,119.846996292472
20230209144507.5,120.358993113041,6.0978318,-6.0402296,25.711,10.012,10.126,43.285,62.27,120.358993113041
20230209144508,120.842997729778,6.0767158,-6.0406676,26,10.018,10.133,43.285,64.646,120.842997729778
20230209144508.5,121.351001411676,6.2693153,-6.0436785,26.174,10.047,10.149,43.275,67.047,121.351001411676
20230209144509,121.850998699665,5.5952363,-6.0374142,26.652,10.047,10.169,43.262,65.848,121.850998699665
20230209144509.5,122.350995987654,6.1890441,-6.0417938,26.913,10.059,10.196,43.243,70.548,122.350995987654
20230209144510,122.850993275642,6.6552813,-6.0320805,27.368,10.036,10.169,43.247,72.119,122.850993275642
20230209144510.6,123.366993293166,5.1924715,-6.0392912,27.433,10.075,10.218,43.231,73.276,123.366993293166
20230209144511,123.850997909904,5.897732,-6.044398,27.828,10.071,10.251,43.237,78.935,123.850997909904
20230209144511.5,124.354998394847,6.0278289,-6.0470336,28.099,10.081,10.206,43.249,79.823,124.354998394847
20230209144512,124.854995682836,6.0869689,-6.0462828,28.383,10.073,10.204,43.22,80.46,124.854995682836
20230209144512.5,125.358996167779,6.5662898,-6.0454929,28.882,10.085,10.218,43.205,85.096,125.358996167779
20230209144513,125.855000317097,5.8344627,-6.03664,29.231,10.086,10.216,43.212,91.565,125.855000317097
20230209144513.5,126.35900080204,5.5486719,-6.0354121,29.643,10.116,10.233,43.209,93.747,126.35900080204
20230209144514,126.858998090029,6.0461527,-6.0459387,30.281,10.112,10.284,43.195,97.87,126.858998090029
20230209144514.5,127.358995378017,6.4437868,-6.0482849,30.761,10.116,10.304,43.18,101.819,127.358995378017
20230209144515,127.85900272429,6.1660357,-6.0439132,30.991,10.106,10.333,43.168,101.944,127.85900272429
20230209144515.5,128.359000012279,5.9499584,-6.0449064,30.846,10.173,10.306,43.147,103.039,128.359000012279
20230209144516.1,128.863000497222,6.1618673,-6.0473699,30.761,10.176,10.358,43.126,102.311,128.863000497222
20230209144516.5,129.358994588256,6.2170733,-6.047495,30.728,10.163,10.401,43.107,102.062,129.358994588256
20230209144517.1,129.862995073199,6.1290362,-6.0426619,30.976,10.169,10.396,43.113,114.492,129.862995073199
20230209144517.6,130.363002419472,6.1965441,-6.040214,31.527,10.188,10.413,43.107,120.348,130.363002419472
20230209144518.1,130.870996043086,6.1176962,-6.0401201,31.723,10.176,10.358,43.082,120.223,130.870996043086
20230209144518.6,131.377993896604,5.7887666,-6.0423803,31.818,10.192,10.482,43.05,122.26,131.377993896604
20230209144519.1,131.878001242876,6.174787,-6.0457588,32.241,10.274,10.444,43.048,123.588,131.878001242876
20230209144519.6,132.377998530865,6.3216749,-6.0448282,32.359,10.296,10.464,43.027,127.603,132.377998530865
20230209144520.1,132.874002680182,5.8270722,-6.0407223,32.74,10.311,10.491,43.012,127.726,132.874002680182
20230209144520.6,133.373999968171,5.8531228,-6.0458683,33.323,10.311,10.48,43.004,126.973,133.373999968171
20230209144521.1,133.87399725616,5.4439685,-6.0459153,33.437,10.331,10.525,42.977,131.508,133.87399725616
20230209144521.6,134.373994544148,5.6988757,-6.0436707,34.054,10.356,10.544,42.964,137.309,134.373994544148
20230209144522.1,134.877995029092,6.4392743,-6.0433814,34.47,10.323,10.521,42.924,136.849,134.877995029092
20230209144522.6,135.378002375364,5.9965071,-6.0371405,34.642,10.36,10.609,42.927,137.326,135.378002375364
20230209144523.1,135.877999663353,6.402916,-6.0435378,34.816,10.351,10.525,42.897,134.227,135.877999663353
20230209144523.6,136.377996951342,5.2465515,-6.0440539,34.607,10.39,10.556,42.912,134.874,136.377996951342
20230209144524.1,136.87799423933,5.3902484,-6.0402766,34.671,10.394,10.632,42.912,138.97,136.87799423933
20230209144524.6,137.378001585603,6.4715345,-6.0423725,35.121,10.38,10.642,42.882,142.626,137.378001585603
20230209144525.1,137.882002070546,5.5779839,-6.0415279,34.845,10.405,10.615,42.849,147.152,137.882002070546
20230209144525.6,138.381999358535,5.5666518,-6.0447656,35.324,10.413,10.767,42.838,150.925,138.381999358535
20230209144526.1,138.881996646523,4.9808285,-6.0419424,35.571,10.439,10.636,42.803,155.382,138.881996646523
20230209144526.6,139.381993934512,5.4584371,-6.0475654,36.146,10.468,10.658,42.792,158.358,139.381993934512
20230209144527.1,139.882001280785,6.1534601,-6.036288,36.395,10.507,10.679,42.771,161.538,139.882001280785
20230209144527.6,140.386001765728,6.223541,-6.0462672,36.479,10.531,10.732,42.746,161.684,140.386001765728
20230209144528.1,140.885999053717,5.1184096,-6.0475732,36.529,10.546,10.675,42.721,163.893,140.885999053717
20230209144528.6,141.385996341705,6.2491537,-6.0457745,36.957,10.57,10.709,42.711,167.799,141.385996341705
20230209144529.1,141.885993629694,6.6399293,-6.036812,37.215,10.572,10.703,42.711,166.793,141.885993629694
20230209144529.6,142.389994114637,6.3556478,-6.0388219,37.374,10.609,10.707,42.694,167.286,142.389994114637
20230209144530.1,142.89000146091,6.1843674,-6.0424898,37.412,10.581,10.799,42.685,160.935,142.89000146091
20230209144530.6,143.389998748899,5.9788403,-6.0368042,37.282,10.601,10.728,42.662,155.349,143.389998748899
20230209144531.1,143.889996036887,5.466727,-6.0310169,37.081,10.636,10.75,42.669,167.527,143.889996036887
20230209144531.6,144.389993324876,5.7376896,-6.0399559,37.395,10.671,10.773,42.664,175.726,144.389993324876
20230209144532.1,144.890000671148,5.8517463,-6.0553,37.774,10.714,10.859,42.637,170.327,144.890000671148
20230209144532.6,145.389997959137,5.1902191,-6.050592,37.602,10.685,10.89,42.62,169.446,145.389997959137
20230209144533.1,145.89399844408,5.3468827,-6.0563402,37.517,10.658,10.926,42.585,168.557,145.89399844408
20230209144533.6,146.393995732069,6.0770912,-6.0482693,37.915,10.679,10.859,42.589,170.752,146.393995732069
20230209144534.1,146.897996217012,5.7751273,-6.0479721,38.095,10.695,10.851,42.579,167.077,146.897996217012
20230209144534.6,147.397993505001,5.6969206,-6.0382823,38.066,10.738,10.937,42.555,167.931,147.397993505001
20230209144535.1,147.910000383854,5.99865,-6.0384152,38.028,10.699,10.961,42.551,169.65,147.910000383854
20230209144535.6,148.393994942307,6.3245529,-6.0408318,37.89,10.755,10.924,42.556,166.846,148.393994942307
20230209144536.1,148.89400228858,5.4047948,-6.0497083,37.881,10.716,10.906,42.532,165.651,148.89400228858
20230209144536.6,149.393999576569,6.1182984,-6.0465487,37.812,10.755,10.93,42.53,167.854,149.393999576569
20230209144537.1,149.898000061512,5.9168848,-6.0484961,37.919,10.793,10.871,42.547,168.714,149.898000061512
20230209144537.6,150.405993685126,5.1771273,-6.0457979,38.087,10.777,10.894,42.557,166.97,150.405993685126
20230209144538.1,150.913997367024,5.648581,-6.0437959,38.036,10.818,10.946,42.568,168.182,150.913997367024
20230209144538.6,151.410001516342,6.0776934,-6.0358814,38.227,10.86,10.973,42.574,161.747,151.410001516342
20230209144539.1,151.924995705485,5.0736676,-6.0403782,37.929,10.863,11.086,42.557,161.548,151.924995705485
20230209144539.6,152.409996092319,5.6609611,-6.0392051,37.862,10.862,11.065,42.543,161.076,152.409996092319
20230209144540.1,152.913996577263,5.6662245,-6.0488402,37.652,10.883,11.133,42.557,160.469,152.913996577263
20230209144540.6,153.413993865252,6.3096232,-6.0446874,37.516,10.852,11.212,42.536,156.863,153.413993865252
20230209144541.1,153.928998112679,6.0131964,-6.0497943,37.204,10.895,11.108,42.532,150.321,153.928998112679
20230209144541.6,154.428995400667,5.4748214,-6.0415826,36.977,10.899,11.026,42.528,153.609,154.428995400667
20230209144542.1,154.92900274694,5.9610089,-6.0463298,37.22,10.918,11.051,42.515,153.607,154.92900274694
20230209144542.6,155.432993173599,5.2465359,-6.0412932,37.042,10.899,11.188,42.505,151.638,155.432993173599
20230209144543.1,155.933000519872,5.8450831,-6.0430529,37.242,10.899,11.04,42.49,153.521,155.933000519872
20230209144543.6,156.449000537395,5.8123693,-6.045751,37.539,10.934,11.094,42.494,149.621,156.449000537395
20230209144544.1,156.953001022339,5.600304,-6.0468146,37.395,10.905,11.122,42.471,151.884,156.953001022339
20230209144544.6,157.459998875856,6.018186,-6.0428808,37.453,10.916,11.077,42.473,150.545,157.459998875856
20230209144545.2,157.97599889338,5.778021,-6.0423021,37.346,10.908,11.218,42.475,152.223,157.97599889338
20230209144545.7,158.463996648788,5.4192239,-6.0476202,37.818,10.897,11.135,42.473,148.581,158.463996648788
20230209144546.2,158.963993936777,5.9518588,-6.0496144,37.721,10.95,11.155,42.438,141.785,158.963993936777
20230209144546.7,159.46400128305,5.8279011,-6.0495597,37.143,10.957,11.204,42.427,136.423,159.46400128305
20230209144547.2,159.963998571038,6.3799466,-6.0465096,36.935,10.955,11.21,42.436,139.595,159.963998571038
20230209144547.7,160.475995391607,8.5058318,-6.0438662,36.979,10.942,11.251,42.433,140.016,160.475995391607
20230209144548.2,160.963993147016,6.7579276,-6.03847,36.801,10.948,11.149,42.429,141.548,160.963993147016
20230209144548.7,161.464000493288,6.6456697,-6.0302818,37.154,10.938,11.12,42.415,145.67,161.464000493288
20230209144549.2,161.963997781277,6.9758192,-6.0402922,37.344,10.991,11.167,42.398,145.98,161.963997781277
20230209144549.7,162.463995069265,7.4001297,-6.0466973,37.384,10.948,11.21,42.417,143.054,162.463995069265
20230209144550.2,162.964002415538,6.7624245,-6.0574507,37.086,10.934,11.214,42.381,142.483,162.964002415538
20230209144550.7,163.475999236107,6.3794304,-6.0432641,37.009,10.977,11.159,42.398,146.262,163.475999236107
20230209144551.1,163.95999379456,6.5624342,-6.0473543,37.642,11.051,11.223,42.461,144.115,163.95999379456
20230209144551.6,164.460001140833,6.0380114,-6.0517964,37.653,11.035,11.26,42.457,145.563,164.460001140833
20230209144552.2,164.964001625776,5.5099361,-6.0393224,37.634,11.072,11.375,42.453,144.404,164.964001625776
20230209144552.7,165.463998913765,4.6700037,-6.0399637,37.76,11.058,11.305,42.443,150.855,165.463998913765
20230209144553.2,165.963996201754,5.5106635,-6.0429669,37.97,11.188,11.227,42.442,150.847,165.963996201754
20230209144553.7,166.475993022323,4.0693838,-6.0356389,37.787,11.17,11.328,42.434,144.718,166.475993022323
20230209144554.1,166.95999763906,1.5825748,-6.0423647,37.487,11.178,11.321,42.417,138.96,166.95999763906
20230209144554.7,167.475997656584,4.5505038,-6.0398934,37.278,11.195,11.313,42.417,135.518,167.475997656584
20230209144555.2,167.987994477153,6.0646876,-6.0411994,36.944,11.197,11.358,42.424,135.036,167.987994477153
20230209144555.7,168.488001823425,5.0343375,-6.0467912,36.62,11.211,11.418,42.415,136.559,168.488001823425
20230209144556.2,168.987999111414,5.6008202,-6.044007,36.829,11.201,11.375,42.409,135.235,168.987999111414
20230209144556.7,169.487996399403,6.5213758,-6.0496535,36.569,11.219,11.383,42.399,136.006,169.487996399403
20230209144557.2,169.987993687391,6.4880596,-6.045274,36.295,11.24,11.395,42.369,134.649,169.987993687391
20230209144557.7,170.488001033664,5.7847546,-6.0487072,36.043,11.236,11.352,42.373,138.153,170.488001033664
20230209144558.2,170.987998321652,6.0780297,-6.0455008,35.995,11.238,11.346,42.375,136.152,170.987998321652
20230209144558.7,171.487995609641,6.3941724,-6.0466817,35.978,11.244,11.354,42.376,134.62,171.487995609641
20230209144559.2,171.991996094584,5.7225801,-6.0486681,35.838,11.258,11.356,42.361,131.593,171.991996094584
20230209144559.7,172.483997046947,5.7142668,-6.0480659,35.762,11.24,11.305,42.365,132.177,172.483997046947
20230209144600.2,172.999997064471,6.1469533,-6.0480503,35.722,11.248,11.436,42.363,134.302,172.999997064471
20230209144600.7,173.48799481988,5.8223485,-6.0485821,35.519,11.233,11.487,42.355,131.504,173.48799481988
20230209144601.2,173.988002166152,5.8127134,-6.0496848,35.312,11.256,11.452,42.354,136.013,173.988002166152
20230209144601.7,174.487999454141,5.2924118,-6.0455008,35.551,11.209,11.516,42.367,135.26,174.487999454141
20230209144602.2,174.987996742129,6.233356,-6.0501697,35.785,11.231,11.389,42.34,138.403,174.987996742129
20230209144602.7,175.487994030118,6.4670924,-6.0533136,36.274,11.213,11.377,42.354,145.551,175.487994030118
20230209144603.2,175.991994515061,5.8056201,-6.042044,36.462,11.24,11.452,42.338,146.199,175.991994515061
20230209144603.7,176.492001861334,5.2112097,-6.0445545,36.894,11.219,11.438,42.334,151.614,176.492001861334
20230209144604.2,176.991999149323,4.8300538,-6.0496066,37.395,11.25,11.403,42.306,154.717,176.991999149323
20230209144604.7,177.491996437311,6.0168565,-6.0483318,38.116,11.303,11.503,42.369,165.836,177.491996437311
20230209144605.2,177.995996922255,4.8492144,-6.0462515,38.493,11.311,11.558,42.36,161.936,177.995996922255
20230209144605.7,178.495994210243,4.8152414,-6.0504669,38.589,11.313,11.632,42.348,165.973,178.495994210243
20230209144606.2,179.003002122045,5.804361,-6.0494971,39.145,11.333,11.618,42.333,166.828,179.003002122045
20230209144606.7,179.49199564755,5.4893991,-6.0433735,39.275,11.366,11.669,42.342,163.6,179.49199564755
20230209144607.2,179.995996132493,6.2497559,-6.0496692,38.971,11.366,11.632,42.312,157.954,179.995996132493
20230209144607.7,180.492000281811,5.5649703,-6.0506155,38.457,11.354,11.573,42.333,151.743,180.492000281811
20230209144608.2,180.991997569799,5.7586803,-6.0501775,38.227,11.356,11.614,42.318,144.397,180.991997569799
20230209144608.7,181.495998054743,5.7646162,-6.0499194,37.604,11.339,11.74,42.319,137.567,181.495998054743
20230209144609.2,182.00299590826,5.6117926,-6.0454538,36.961,11.35,11.599,42.325,130.574,182.00299590826
20230209144609.7,182.491999492049,5.4176285,-6.0479252,36.277,11.325,11.605,42.344,124.258,182.491999492049
20230209144610.2,182.991996780038,5.6615085,-6.0456728,35.544,11.333,11.524,42.35,118.785,182.991996780038
20230209144610.7,183.491994068027,5.6315554,-6.0444372,34.789,11.309,11.609,42.365,112.998,183.491994068027
20230209144611.2,183.992001414299,5.5306218,-6.0445779,34.035,11.339,11.579,42.39,107.981,183.992001414299
20230209144611.7,184.491998702288,5.4986431,-6.0466895,33.336,11.329,11.521,42.415,102.704,184.491998702288
20230209144612.2,184.991995990276,5.4666801,-6.0493094,32.665,11.366,11.509,42.4,98.646,184.991995990276
20230209144612.7,185.491993278265,5.3838354,-6.0490435,32.048,11.405,11.509,42.417,94.471,185.491993278265
20230209144613.2,185.992000624537,5.4419195,-6.0511238,31.392,11.393,11.474,42.428,90.56,185.992000624537
20230209144613.7,186.491997912526,5.3201048,-6.0435691,30.862,11.382,11.45,42.499,86.832,186.491997912526
20230209144614.2,186.991995200515,5.439104,-6.0474403,30.467,11.401,11.485,42.512,83.285,186.991995200515
20230209144614.7,187.492002546787,5.4783094,-6.0456806,30,11.438,11.596,42.525,79.566,187.492002546787
20230209144615.2,188.002993538976,5.571876,-6.0440696,29.536,11.367,11.494,42.541,76.569,188.002993538976
20230209144615.7,188.496000319719,5.5385676,-6.0532198,29.143,11.365,11.475,42.554,73.773,188.496000319719
20230209144616.2,188.979994878173,5.4787786,-6.0451567,28.638,11.361,11.446,42.568,70.997,188.979994878173
20230209144616.7,189.483995363116,5.5031947,-6.0450159,28.203,11.363,11.489,42.571,68.614,189.483995363116
20230209144617.2,189.984002709389,5.4599934,-6.0464236,27.756,11.309,11.491,42.583,66.18,189.984002709389
20230209144617.7,190.483999997377,5.3314917,-6.0533918,27.325,11.34,11.455,42.592,63.861,190.483999997377
20230209144618.2,190.979994088411,5.228337,-6.0482536,27.042,11.32,11.403,42.594,61.527,190.979994088411
20230209144618.7,191.480001434684,5.3040177,-6.0356937,26.781,11.297,11.43,42.608,59.662,191.480001434684
20230209144619.2,191.996001452208,5.3863068,-6.0370232,26.442,11.301,11.41,42.598,57.837,191.996001452208
20230209144619.7,192.479996010661,5.2983946,-6.039604,26.183,11.26,11.36,42.623,56.09,192.479996010661
20230209144620.2,192.97999329865,5.3177742,-6.043788,25.928,11.238,11.338,42.633,54.388,192.97999329865
20230209144620.7,193.480000644922,5.338976,-6.0469789,25.682,11.137,11.35,42.638,52.965,193.480000644922
20230209144621.2,193.991997465491,5.575622,-6.0437489,25.419,11.187,11.311,42.634,51.406,193.991997465491
20230209144621.7,194.483998417854,5.7163549,-6.0418329,25.158,11.154,11.33,42.665,49.879,194.483998417854
20230209144622.2,194.987998902798,5.5427282,-6.0394945,24.924,11.144,11.334,42.654,48.526,194.987998902798
20230209144622.7,195.487996190786,5.5715006,-6.0472604,24.691,11.129,11.389,42.657,47.274,195.487996190786
20230209144623.2,195.987993478775,5.5080905,-6.0461655,24.523,11.07,11.309,42.665,46.061,195.987993478775
20230209144623.7,196.488000825047,5.5472016,-6.0365305,24.378,11.062,11.273,42.701,44.925,196.488000825047
20230209144624.2,196.980001777411,5.5351969,-6.0419111,24.204,11.054,11.234,42.673,43.99,196.980001777411
20230209144624.7,197.475995868444,5.5490785,-6.0234152,24.08,11.029,11.236,42.678,42.954,197.475995868444
20230209144625.2,197.975993156433,5.505189,-6.0390409,23.892,11.004,11.268,42.684,42.115,197.975993156433
20230209144625.7,198.476000502706,5.4982599,-6.0411603,23.767,11.07,11.289,42.761,41.35,198.476000502706
20230209144626.2,198.980000987649,5.4646076,-6.0343485,23.597,11.049,11.274,42.773,40.438,198.980000987649
20230209144626.7,199.479998275638,5.399203,-6.0365852,23.444,11.023,11.278,42.765,39.439,199.479998275638
20230209144627.2,199.979995563626,5.4064919,-6.0450081,23.264,11.008,11.237,42.774,38.453,199.979995563626
20230209144627.7,200.492002442479,5.4511948,-6.0338871,23.117,10.998,11.248,42.776,37.462,200.492002442479
20230209144628.2,200.991999730468,5.4390415,-6.0307666,22.937,11.021,11.211,42.773,36.628,200.991999730468
20230209144628.7,201.491997018456,5.4126311,-6.0356858,22.865,11.01,11.209,42.788,35.739,201.491997018456
20230209144629.2,201.991994306445,5.5054549,-6.0397604,22.745,11.023,11.17,42.786,34.977,201.991994306445
20230209144629.7,202.506998553872,5.4141327,-6.0363975,22.645,10.973,11.135,42.776,34.188,202.506998553872
20230209144630.2,203.006995841861,5.2599327,-6.0391973,22.527,10.976,11.201,42.795,33.514,203.006995841861
20230209144630.7,203.519002720714,5.4714585,-6.0276462,22.411,10.961,11.211,42.797,32.808,203.519002720714
20230209144631.2,204.002997279167,5.6566206,-6.0232823,22.347,10.953,11.198,42.824,32.1,204.002997279167
20230209144631.7,204.523000493646,5.5838494,-6.0405346,22.283,10.93,11.153,42.797,31.396,204.523000493646
20230209144632.2,205.022997781634,5.5776476,-6.0242442,22.179,10.902,11.16,42.797,30.763,205.022997781634
20230209144632.7,205.522995069623,5.5169513,-6.0167286,22.07,10.914,11.182,42.828,30.272,205.522995069623
20230209144633.2,206.023002415895,5.5059711,-6.0041217,21.995,10.91,11.127,42.818,29.585,206.023002415895
20230209144633.7,206.526992842555,5.4901733,-6.0552218,21.913,10.918,11.117,42.824,28.989,206.526992842555
20230209144634.2,207.027000188828,5.4748292,-6.0068041,21.827,10.888,11.137,42.832,28.424,207.027000188828
20230209144634.7,207.531000673771,5.3744115,-6.0293902,21.813,10.851,11.129,42.82,27.987,207.531000673771
20230209144635.2,208.03099796176,5.4497949,-6.0325185,21.802,10.857,11.155,42.815,27.517,208.03099796176
20230209144635.7,208.530995249748,5.4248313,-6.0402453,21.704,10.843,11.092,42.832,27.075,208.530995249748
20230209144636.2,209.034995734692,5.4134054,-6.0428808,21.649,10.842,11.088,42.828,26.57,209.034995734692
20230209144636.7,209.545996785164,5.4828923,-6.0438193,21.579,10.82,11.072,42.824,26.098,209.545996785164
20230209144637.2,210.049997270107,5.5292923,-6.0412385,21.532,10.847,11.063,42.843,25.591,210.049997270107
20230209144637.7,210.558000952005,5.566159,-6.040957,21.467,10.812,11.031,42.834,25.057,210.558000952005
20230209144638.2,211.050001904368,5.5652049,-6.0437333,21.397,10.802,11.012,42.841,24.622,211.050001904368
20230209144638.7,211.535002291203,5.5701085,-6.0498803,21.352,10.802,11.008,42.832,24.135,211.535002291203
20230209144639.2,212.034999579191,5.5162083,-6.0493094,21.291,10.797,11.012,42.834,23.655,212.034999579191
20230209144639.7,212.546000629663,5.5479915,-6.0459074,21.141,10.777,11.058,42.9,23.298,212.546000629663
20230209144640.2,213.031001016498,5.412811,-6.0502948,21.136,10.839,11.08,42.91,22.911,213.031001016498
20230209144640.7,213.530998304486,5.3911869,-6.0515696,21.06,10.833,11.087,42.898,22.549,213.530998304486
20230209144641.2,214.03499878943,5.4643886,-6.0451879,21.027,10.833,11.06,42.894,22.197,214.03499878943
20230209144641.7,214.534996077418,5.5033824,-6.0312672,21.021,10.843,11.083,42.9,21.911,214.534996077418
20230209144642.2,215.034993365407,5.4687604,-6.0170257,21.046,10.802,11.058,42.917,21.619,215.034993365407
20230209144642.7,215.53899385035,5.4073131,-6.0484492,21.025,10.829,11.078,42.898,21.369,215.53899385035
20230209144643.2,216.053998097777,5.2912231,-6.0436394,20.95,10.816,11.046,42.921,21.095,216.053998097777
20230209144643.7,216.553995385766,5.3189317,-6.0444841,20.929,10.819,11.011,42.915,20.862,216.553995385766
20230209144644.2,217.057995870709,5.3108373,-6.0357171,20.952,10.802,11.062,42.912,20.641,217.057995870709
20230209144644.7,217.557993158698,5.2815724,-6.0522343,20.903,10.784,11.025,42.927,20.371,217.557993158698
20230209144645.3,218.065996840596,5.2440645,-6.043788,20.888,10.816,10.997,42.917,20.156,218.065996840596
20230209144645.8,218.565994128585,5.3514032,-6.0422943,20.866,10.825,11.007,42.921,19.951,218.565994128585
20230209144646.3,219.078001007438,5.35163,-6.0452036,20.862,10.79,11.007,42.91,19.734,219.078001007438
20230209144646.8,219.582001492381,5.3590831,-6.0428339,20.829,10.802,11.025,42.927,19.544,219.582001492381
20230209144647.3,220.08199878037,5.4587499,-6.046885,20.755,10.794,11.038,42.927,19.348,220.08199878037
20230209144647.8,220.581996068358,5.4909632,-6.0520623,20.737,10.78,11.013,42.921,19.172,220.581996068358
20230209144648.3,221.081993356347,5.4991123,-6.0530868,20.729,10.786,11.031,42.931,19.014,221.081993356347
20230209144648.8,221.58200070262,5.5659557,-6.0396196,20.686,10.774,11.027,42.944,18.838,221.58200070262
20230209144649.3,222.088998556137,5.6009766,-6.039166,20.674,10.769,10.992,42.946,18.689,222.088998556137
20230209144649.8,222.578002139926,5.6086252,-6.0388767,20.618,10.776,10.99,42.94,18.556,222.578002139926
20230209144650.3,223.077999427915,5.4948892,-6.0400576,20.582,10.772,10.982,42.921,18.399,223.077999427915
20230209144650.8,223.577996715903,5.5427907,-6.0439679,20.579,10.767,10.947,42.925,18.396,223.577996715903
20230209144651.3,224.077994003892,5.5171546,-6.0538923,20.567,10.757,10.994,42.942,18.39,224.077994003892
20230209144651.8,224.578001350164,5.499824,-6.0480112,20.547,10.769,10.962,42.923,18.352,224.578001350164
20230209144652.3,225.077998638153,5.4933642,-6.0488089,20.536,10.772,10.95,42.944,18.401,225.077998638153
20230209144652.8,225.577995926142,5.4333167,-6.0451801,20.489,10.753,10.929,42.952,18.339,225.577995926142
20230209144653.3,226.081996411085,5.4123652,-6.0418329,20.457,10.747,10.939,42.942,18.171,226.081996411085
20230209144653.8,226.585001125932,5.4737343,-6.0409961,20.459,10.741,10.939,42.94,18.024,226.585001125932
20230209144654.3,227.08499841392,5.5005513,-6.0451567,20.385,10.757,10.905,42.919,17.912,227.08499841392
20230209144654.8,227.584995701909,5.4541123,-6.0399481,20.283,10.747,10.894,42.944,17.836,227.584995701909
20230209144655.3,228.081995621324,5.4034888,-6.0406363,20.238,10.72,10.888,42.934,17.699,228.081995621324
20230209144655.8,228.581992909312,5.3701024,-6.0433892,20.236,10.743,10.89,42.938,17.593,228.581992909312
20230209144656.3,229.082000255585,5.3647218,-6.0403235,20.203,10.749,10.976,42.994,17.545,229.082000255585
20230209144656.8,229.581997543573,5.3521931,-6.0464236,20.229,10.769,10.941,43.006,17.4,229.581997543573
20230209144657.3,230.08500225842,5.3608505,-6.0487229,20.19,10.781,10.949,43.019,17.297,230.08500225842
20230209144657.8,230.584999546409,5.3299119,-6.0369606,20.172,10.773,10.937,43.006,17.195,230.584999546409
20230209144658.3,231.092993170023,5.3568229,-6.0407145,20.129,10.763,10.939,43.006,17.074,231.092993170023
20230209144658.8,231.581996753812,5.3152403,-6.0387985,20.115,10.763,10.912,43.013,16.97,231.581996753812
20230209144659.3,232.0819940418,5.3087101,-6.0446092,20.108,10.755,10.912,43.002,16.878,232.0819940418
20230209144659.8,232.582001388073,5.3425266,-6.0482302,20.018,10.755,10.951,42.998,16.794,232.582001388073
20230209144700.3,233.081998676062,5.3644637,-6.040519,20.006,10.749,10.923,43.009,16.704,233.081998676062
20230209144700.8,233.58199596405,5.3274015,-6.0445388,19.969,10.761,10.914,43.013,16.624,233.58199596405
20230209144701.3,234.092997014523,5.3871592,-6.0460639,19.953,10.757,10.923,43.025,16.538,234.092997014523
20230209144701.8,234.582000598311,5.4247688,-6.042091,19.935,10.74,10.92,43.017,16.457,234.582000598311
20230209144702.3,235.0819978863,5.4938647,-6.0371248,19.92,10.763,10.902,43.027,16.395,235.0819978863
20230209144702.8,235.581995174289,5.512822,-6.0394006,19.955,10.747,10.875,43.013,16.309,235.581995174289
20230209144703.3,236.084999889135,5.4871937,-6.0408553,19.92,10.724,10.9,43.025,16.266,236.084999889135
20230209144703.8,236.584997177124,5.6021184,-6.0423725,19.904,10.718,10.908,43.029,16.211,236.584997177124
20230209144704.3,237.084994465113,5.6089381,-6.0381963,19.888,10.71,10.898,43.009,16.168,237.084994465113
20230209144704.8,237.585001811385,5.5876111,-6.0298594,19.89,10.742,10.892,43.029,16.103,237.585001811385
20230209144705.3,238.084999099374,5.5799782,-6.0412698,19.853,10.73,10.882,43.025,16.06,238.084999099374
20230209144705.8,238.588999584317,5.5802362,-6.0394789,19.812,10.716,10.878,43.021,15.982,238.588999584317
20230209144706.3,239.088996872306,5.6015241,-6.0376723,19.755,10.712,10.859,43.029,15.892,239.088996872306
20230209144706.8,239.588994160295,5.6182603,-6.0351931,19.753,10.716,10.875,43.015,15.827,239.588994160295
20230209144707.3,240.092994645238,5.6010783,-6.0271379,19.746,10.708,10.857,43.044,15.765,240.092994645238
20230209144707.8,240.600998327136,5.622984,-6.0305633,19.728,10.7,10.871,43.04,15.816,240.600998327136
20230209144708.3,241.085002943873,5.581292,-6.0321822,19.687,10.7,10.884,43.05,16.168,241.085002943873
20230209144708.8,241.588993370533,5.5429002,-6.0266843,19.732,10.679,10.865,43.036,16.42,241.588993370533
20230209144709.3,242.089000716805,5.4619329,-6.0378678,19.705,10.697,10.843,43.048,16.389,242.089000716805
20230209144709.8,242.588998004794,5.4651003,-6.0356624,19.65,10.669,10.83,43.03,16.45,242.588998004794
20230209144710.3,243.092998489738,5.4582729,-6.0414262,19.601,10.679,10.826,43.032,16.395,243.092998489738
20230209144710.8,243.601002171636,5.4756973,-6.0383449,19.577,10.657,10.837,43.044,16.26,243.601002171636
20230209144711.3,244.105002656579,5.4691201,-6.0337541,19.548,10.65,10.849,43.027,16.14,244.105002656579
20230209144711.8,244.604999944568,5.5127046,-6.0373438,19.536,10.644,10.818,43.032,16.033,244.604999944568
20230209144712.3,245.109000429511,5.5062761,-6.0350758,19.57,10.661,10.802,43.04,15.908,245.109000429511
20230209144712.8,245.6089977175,5.5630934,-6.0354512,19.568,10.661,10.806,43.057,15.784,245.6089977175
20230209144713.3,246.108995005488,5.4765341,-6.0237828,19.579,10.665,10.834,43.025,15.741,246.108995005488
20230209144713.8,246.616998687387,5.5086144,-6.0433266,19.556,10.644,10.832,43.042,15.872,246.616998687387
20230209144714.3,247.123996540904,5.6174547,-6.0401123,19.548,10.626,10.804,43.023,15.865,247.123996540904
20230209144714.8,247.623993828893,5.5410936,-6.0409179,19.534,10.616,10.822,43.029,15.765,247.623993828893
20230209144715.3,248.127994313836,5.5521912,-6.0394945,19.501,10.607,10.794,43.061,15.888,248.127994313836
20230209144715.8,248.65599386394,5.5715006,-6.040214,19.513,10.61,10.789,43.052,16.021,248.65599386394
20230209144716.3,249.139998480678,5.5929292,-6.0412072,19.487,10.614,10.806,43.046,15.882,249.139998480678
20230209144716.8,249.651995301247,5.5551786,-6.0373829,19.501,10.601,10.814,43.053,15.802,249.651995301247
20230209144717.4,250.166999548674,5.5144174,-6.0299455,19.46,10.616,10.769,43.053,15.704,250.166999548674
20230209144717.9,250.666996836662,5.5276343,-6.0400341,19.458,10.616,10.769,43.071,15.618,250.666996836662
20230209144718.4,251.166994124651,5.5071833,-6.0388532,19.466,10.599,10.783,43.065,15.526,251.166994124651
20230209144718.9,251.670994609594,5.4868808,-6.0399716,19.454,10.632,10.777,43.048,15.423,251.670994609594
20230209144719.4,252.171001955867,5.5684036,-6.0454147,19.456,10.616,10.773,43.067,15.338,252.171001955867
20230209144719.9,252.682998776436,5.6519047,-6.0454538,19.437,10.614,10.765,43.063,15.264,252.682998776436
20230209144720.4,253.19899879396,5.6543995,-6.0430294,19.376,10.607,10.757,43.061,15.196,253.19899879396
20230209144720.9,253.698996081948,5.6331195,-6.0355216,19.386,10.612,10.804,43.067,15.309,253.698996081948
20230209144721.4,254.209997132421,5.6796213,-6.0403157,19.368,10.577,10.785,43.055,15.252,254.209997132421
20230209144721.9,254.709994420409,5.7500619,-6.0361707,19.349,10.61,10.794,43.061,15.139,254.709994420409
20230209144722.4,255.198998004198,5.7706383,-6.0306493,19.329,10.593,10.789,43.065,15.063,255.198998004198
20230209144722.9,255.702998489141,5.7580781,-6.0396509,19.315,10.614,10.81,43.088,14.955,255.702998489141
20230209144723.4,256.199002638459,5.7112011,-6.0438897,19.311,10.603,10.789,43.074,14.892,256.199002638459
20230209144723.9,256.702993065119,5.7125697,-6.0373125,19.327,10.593,10.773,43.074,14.804,256.702993065119
20230209144724.4,257.203000411391,5.6927834,-6.0352713,19.302,10.593,10.8,43.061,14.724,257.203000411391
20230209144724.9,257.70299769938,5.7574994,-6.0335664,19.286,10.593,10.773,43.09,14.709,257.70299769938
20230209144725.4,258.202994987369,5.8022728,-6.0349194,19.304,10.583,10.751,43.071,14.765,258.202994987369
20230209144725.9,258.703002333641,5.832398,-6.0401593,19.286,10.577,10.74,43.078,14.802,258.703002333641
20230209144726.4,259.206992760301,5.7542303,-6.0389314,19.276,10.585,10.759,43.071,14.822,259.206992760301
20230209144726.9,259.709997475147,5.6152337,-6.0423725,19.237,10.577,10.74,43.09,14.789,259.709997475147
20230209144727.4,260.206997394562,5.6605309,-6.0453365,19.268,10.573,10.732,43.08,14.879,260.206997394562
20230209144727.9,260.713995248079,5.6911176,-6.0421301,19.261,10.577,10.786,43.152,15.265,260.713995248079
20230209144728.4,261.214002594352,5.7500463,-6.0386577,19.313,10.62,10.823,43.145,15.219,261.214002594352
20230209144728.9,261.718003079295,5.7342564,-6.045227,19.319,10.639,10.817,43.143,15.131,261.718003079295
20230209144729.4,262.218000367284,5.6414798,-6.0466582,19.336,10.626,10.784,43.141,15.164,262.218000367284
20230209144729.9,262.725993990898,5.6148192,-6.0406989,19.285,10.633,10.794,43.143,15.273,262.725993990898
20230209144730.4,263.233997672796,5.6392744,-6.0479877,19.324,10.643,10.807,43.147,15.506,263.233997672796
20230209144730.9,263.733994960785,5.5872279,-6.0460795,19.358,10.649,10.762,43.147,15.698,263.733994960785
20230209144731.4,264.234002307057,5.6478615,-6.0452661,19.416,10.633,10.745,43.154,15.768,264.234002307057
20230209144731.9,264.738002792001,5.6365841,-6.0463141,19.44,10.639,10.751,43.175,15.692,264.738002792001
20230209144732.4,265.238000079989,5.6420429,-6.0474403,19.416,10.649,10.786,43.158,15.768,265.238000079989
20230209144732.9,265.737997367978,5.7635213,-6.0435143,19.416,10.622,10.796,43.152,15.858,265.737997367978
20230209144733.4,266.241997852921,5.7830106,-6.0403548,19.401,10.624,10.778,43.162,15.823,266.241997852921
20230209144733.9,266.74199514091,5.8360346,-6.0441713,19.389,10.604,10.8,43.162,15.696,266.74199514091
20230209144734.4,267.245995625854,5.9380162,-6.0468303,19.36,10.637,10.78,43.175,15.61,267.245995625854
20230209144734.9,267.733993381262,5.9403781,-6.0390722,19.324,10.62,10.755,43.181,15.485,267.733993381262
20230209144735.4,268.24199706316,5.8677161,-6.0419111,19.315,10.622,10.804,43.169,15.426,268.24199706316
20230209144735.9,268.738001212478,5.8251248,-6.0458996,19.289,10.614,10.762,43.168,15.328,268.738001212478
20230209144736.4,269.221995770931,5.7606355,-6.0465174,19.285,10.61,10.735,43.171,15.447,269.221995770931
20230209144736.9,269.737995788455,5.7158309,-6.0490983,19.246,10.612,10.733,43.168,15.496,269.737995788455
20230209144737.4,270.241996273398,5.6987662,-6.0452974,19.258,10.614,10.762,43.173,15.488,270.241996273398
20230209144737.9,270.726000890136,5.6669596,-6.0477531,19.283,10.616,10.723,43.175,15.622,270.726000890136
20230209144738.4,271.24200090766,5.6507316,-6.0506389,19.285,10.61,10.772,43.175,15.706,271.24200090766
20230209144738.9,271.729998663068,5.6926896,-6.0475498,19.295,10.6,10.757,43.177,15.794,271.729998663068
20230209144739.4,272.229995951056,5.6534689,-6.0489966,19.305,10.616,10.751,43.181,15.805,272.229995951056
20230209144739.9,272.729993239045,5.6037295,-6.0511004,19.315,10.579,10.725,43.175,15.884,272.729993239045
20230209144740.4,273.245993256569,5.6741703,-6.0514366,19.315,10.582,10.704,43.179,15.764,273.245993256569
20230209144740.9,273.729997873306,5.6900775,-6.0514445,19.254,10.575,10.747,43.181,15.713,273.729997873306
20230209144741.4,274.23399835825,5.6059427,-6.0479956,19.219,10.579,10.692,43.196,15.61,274.23399835825
20230209144741.9,274.733995646238,5.6378588,-6.0486134,19.221,10.6,10.702,43.183,15.737,274.733995646238
20230209144742.4,275.234002992511,5.9096194,-6.049763,19.246,10.594,10.704,43.191,15.854,275.234002992511
20230209144742.9,275.734000280499,5.9079849,-6.046713,19.262,10.584,10.698,43.202,16.046,275.734000280499
20230209144743.4,276.233997568488,5.7332162,-6.0492234,19.291,10.573,10.69,43.185,15.966,276.233997568488
20230209144743.9,276.742001250386,5.6067013,-6.0418329,19.276,10.59,10.704,43.192,16.024,276.742001250386
20230209144744.4,277.241998538375,5.665896,-6.0352479,19.295,10.569,10.723,43.187,16.128,277.241998538375
20230209144744.9,277.741995826364,5.7828229,-6.0410821,19.266,10.586,10.706,43.212,16.138,277.741995826364
20230209144745.4,278.241993114352,5.8413605,-6.0473699,19.231,10.584,10.706,43.179,16.093,278.241993114352
20230209144745.9,278.745993599296,5.7658988,-6.049458,19.244,10.565,10.69,43.2,16.001,278.745993599296
20230209144746.4,279.246000945568,5.7787952,-6.0459074,19.258,10.588,10.68,43.217,15.889,279.246000945568
20230209144746.9,279.750001430511,5.7543946,-6.051202,19.242,10.573,10.669,43.202,15.79,279.750001430511
20230209144747.4,280.245995521545,5.6246576,-6.0417312,19.221,10.579,10.686,43.221,15.633,280.245995521545
20230209144747.9,280.746002867818,5.5563439,-6.0413011,19.205,10.555,10.702,43.223,15.582,280.746002867818
20230209144748.4,281.249993294477,5.5081217,-6.0612125,19.195,10.559,10.676,43.213,15.653,281.249993294477
20230209144748.9,281.75000064075,5.4594147,-6.0373907,19.268,10.561,10.659,43.219,15.659,281.75000064075
20230209144749.4,282.249997928739,5.6308281,-6.0586629,19.319,10.563,10.68,43.225,15.647,282.249997928739
20230209144749.9,282.749995216727,5.6021654,-6.0303365,19.332,10.559,10.706,43.206,15.643,282.749995216727
20230209144750.5,283.264999464154,5.6060053,-6.0047942,19.367,10.557,10.702,43.215,15.516,283.264999464154
20230209144751,283.780999481678,5.705625,-6.0342859,19.35,10.565,10.682,43.219,15.381,283.780999481678
20230209144751.5,284.280996769667,5.7212897,-6.0563715,19.332,10.559,10.678,43.21,15.269,284.280996769667
20230209144752,284.780994057655,5.7970017,-6.0473855,19.342,10.539,10.672,43.238,15.181,284.780994057655
20230209144752.5,285.281001403928,5.8072468,-6.0424976,19.328,10.545,10.667,43.229,15.129,285.281001403928
20230209144753,285.780998691916,5.7719443,-6.0385482,19.297,10.532,10.651,43.221,15.023,285.780998691916
20230209144753.5,286.28499917686,5.7360082,-6.0438506,19.291,10.532,10.665,43.217,15.042,286.28499917686
20230209144754,286.791997030377,5.6627286,-6.0469554,19.24,10.545,10.667,43.225,14.966,286.791997030377
20230209144754.5,287.281000614166,5.6479631,-6.037508,19.242,10.538,10.665,43.225,14.908,287.281000614166
20230209144755,287.780997902155,5.6563703,-6.04536,19.231,10.538,10.643,43.242,15.017,287.780997902155
20230209144755.5,288.296002149582,5.7120301,-6.05164,19.276,10.551,10.631,43.233,15.029,288.296002149582
20230209144756,288.781002536416,5.6877704,-6.045141,19.274,10.522,10.69,43.254,15.211,288.781002536416
20230209144756.5,289.280999824405,5.7098716,-6.046275,19.305,10.524,10.661,43.257,15.148,289.280999824405
20230209144757,289.792000874877,5.7678619,-6.0484022,19.293,10.532,10.661,43.254,15.087,289.792000874877
20230209144757.5,290.291998162866,5.6493396,-6.0461577,19.315,10.51,10.651,43.252,15.035,290.291998162866
20230209144758,290.795998647809,5.5857967,-6.0498021,19.328,10.526,10.661,43.236,14.96,290.795998647809
20230209144758.5,291.323998197913,5.6744909,-6.0479095,19.322,10.5,10.639,43.257,14.909,291.323998197913
20230209144759.1,291.92500077188,5.6901635,-6.0418642,19.278,10.52,10.631,43.265,15.039,291.92500077188
20230209144759.7,292.514999583364,5.7315817,-6.0323386,19.189,10.516,10.637,43.259,15.084,292.514999583364
